	      A      2      3      4      5      6      7      8      9      T      J      Q      K
A, A 0.2453 0.4413 0.5089 0.4847 0.4831 0.5429 0.4234 0.4186 0.3610 0.3579 0.3654 0.3505 0.3486
A, 2 0.1875 0.4651 0.4559 0.4833 0.4707 0.4824 0.4175 0.3628 0.3693 0.2961 0.3154 0.3145 0.3233
A, 3 0.1863 0.4110 0.4097 0.4553 0.4551 0.4801 0.4265 0.3885 0.3887 0.2988 0.3261 0.3107 0.3085
A, 4 0.1984 0.3709 0.3809 0.3856 0.4519 0.4315 0.4326 0.3962 0.3031 0.3292 0.3158 0.2994 0.3244
A, 5 0.1792 0.3710 0.4050 0.3521 0.4006 0.4020 0.4059 0.3561 0.3087 0.2757 0.2842 0.3122 0.2419
A, 6 0.2175 0.2897 0.3340 0.3340 0.3545 0.3750 0.3562 0.3399 0.3086 0.2516 0.2540 0.2688 0.2671
A, 7 0.1739 0.3407 0.2963 0.3319 0.2933 0.3430 0.2834 0.3108 0.2845 0.2588 0.2571 0.1979 0.2475
A, 8 0.1350 0.2526 0.2668 0.2432 0.2822 0.2965 0.2745 0.2275 0.2661 0.1789 0.1796 0.2211 0.2326
A, 9 0.1154 0.2000 0.1891 0.2211 0.2430 0.2225 0.1917 0.2004 0.2053 0.1907 0.1599 0.1447 0.1775
A, T 0.0720 0.1176 0.1534 0.1521 0.1964 0.1806 0.1684 0.1579 0.1581 0.1319 0.1204 0.1017 0.1316
A, J 0.0758 0.1389 0.1474 0.1481 0.1572 0.1759 0.1389 0.1510 0.1385 0.1218 0.1143 0.1490 0.1211
A, Q 0.0672 0.1384 0.1737 0.1771 0.1960 0.1875 0.1774 0.1569 0.1273 0.1142 0.1102 0.1420 0.1510
A, K 0.0978 0.1335 0.1646 0.1704 0.1527 0.1514 0.2065 0.1585 0.1347 0.1232 0.1316 0.1231 0.1458
	      A      2      3      4      5      6      7      8      9      T      J      Q      K
2, A 0.2225 0.4575 0.4165 0.4395 0.5385 0.5132 0.4383 0.3950 0.3313 0.3594 0.3193 0.3456 0.3035
2, 2 0.1893 0.4134 0.3838 0.4327 0.4141 0.4973 0.3342 0.3417 0.2901 0.2764 0.2340 0.2884 0.2909
2, 3 0.1751 0.3681 0.4016 0.3859 0.4047 0.4306 0.3931 0.3296 0.2695 0.2340 0.2860 0.2462 0.2411
2, 4 0.2008 0.3631 0.3506 0.3757 0.3403 0.4089 0.3731 0.3010 0.3237 0.2435 0.2620 0.3041 0.2556
2, 5 0.1870 0.3884 0.3333 0.3327 0.3573 0.3862 0.3463 0.3414 0.3469 0.2727 0.2390 0.2597 0.2771
2, 6 0.2062 0.3421 0.3056 0.3559 0.3124 0.3185 0.3471 0.2971 0.2912 0.2099 0.2132 0.2234 0.2394
2, 7 0.1217 0.2231 0.2490 0.2510 0.2878 0.2875 0.2779 0.2834 0.2361 0.2130 0.1907 0.2151 0.1860
2, 8 0.1100 0.2381 0.2132 0.2249 0.2211 0.2506 0.2598 0.2231 0.2009 0.1715 0.2032 0.1783 0.1787
2, 9 0.0783 0.1275 0.1450 0.1653 0.1943 0.1869 0.1518 0.1622 0.1510 0.1167 0.1485 0.1109 0.1250
2, T 0.0685 0.1067 0.1271 0.1199 0.1566 0.1504 0.1614 0.1277 0.1267 0.1095 0.1192 0.1116 0.0900
2, J 0.0596 0.1436 0.1044 0.1133 0.1577 0.1508 0.1437 0.1390 0.1209 0.1139 0.0914 0.1216 0.0939
2, Q 0.0714 0.1089 0.1057 0.1576 0.1221 0.1323 0.1366 0.1473 0.1126 0.1217 0.1063 0.1188 0.0945
2, K 0.0610 0.1118 0.1150 0.1221 0.1532 0.1320 0.1484 0.1404 0.1331 0.0888 0.0897 0.0936 0.1048
	      A      2      3      4      5      6      7      8      9      T      J      Q      K
3, A 0.2480 0.3961 0.4286 0.4542 0.4627 0.5063 0.4113 0.4091 0.3419 0.2887 0.3267 0.3347 0.3139
3, 2 0.1923 0.3526 0.3743 0.3932 0.4032 0.4347 0.3567 0.3533 0.2939 0.2530 0.2586 0.2816 0.2381
3, 3 0.1616 0.3315 0.3606 0.3900 0.4165 0.4228 0.3826 0.3167 0.3018 0.2725 0.2254 0.2543 0.2068
3, 4 0.1902 0.3055 0.2597 0.3161 0.3747 0.3848 0.3242 0.3002 0.3048 0.2270 0.2052 0.2945 0.2305
3, 5 0.1648 0.2607 0.2443 0.2829 0.3427 0.3239 0.3340 0.3310 0.2581 0.2408 0.2220 0.2342 0.2167
3, 6 0.1443 0.2316 0.2472 0.2739 0.2940 0.3288 0.3063 0.3119 0.2078 0.2128 0.2134 0.2090 0.2243
3, 7 0.1548 0.2170 0.2015 0.2286 0.2452 0.2163 0.2077 0.2035 0.1777 0.1832 0.2038 0.2040 0.1879
3, 8 0.0823 0.1308 0.1372 0.1678 0.1725 0.1809 0.1553 0.1277 0.1449 0.1169 0.1066 0.1124 0.1193
3, 9 0.0940 0.1167 0.1102 0.1376 0.1419 0.1358 0.1659 0.1204 0.1095 0.1045 0.1065 0.1136 0.0989
3, T 0.0520 0.1088 0.0992 0.1178 0.1035 0.1215 0.1332 0.0872 0.0907 0.0865 0.0981 0.0803 0.0824
3, J 0.0474 0.0823 0.1214 0.1104 0.1179 0.0982 0.1304 0.1082 0.0898 0.0948 0.0895 0.0742 0.0787
3, Q 0.0577 0.0905 0.1005 0.0998 0.1282 0.1272 0.1208 0.0890 0.0833 0.0825 0.0881 0.0847 0.0837
3, K 0.0547 0.0984 0.1324 0.1122 0.0893 0.1357 0.0939 0.0949 0.1034 0.0892 0.1288 0.0941 0.0761
	      A      2      3      4      5      6      7      8      9      T      J      Q      K
4, A 0.1877 0.4000 0.4018 0.4454 0.4510 0.4261 0.4228 0.3414 0.3361 0.3210 0.2749 0.2836 0.2975
4, 2 0.1753 0.3953 0.3172 0.3508 0.3792 0.4098 0.3812 0.3494 0.2811 0.2353 0.2645 0.2627 0.2293
4, 3 0.1786 0.3154 0.2802 0.3460 0.3698 0.3737 0.3272 0.3251 0.2810 0.2540 0.2653 0.2376 0.2335
4, 4 0.1762 0.3029 0.2704 0.3545 0.3050 0.3351 0.2928 0.2955 0.2672 0.2493 0.2629 0.2006 0.2459
4, 5 0.1307 0.2567 0.2559 0.2798 0.3008 0.3103 0.2708 0.2495 0.2891 0.2177 0.2218 0.2186 0.2051
4, 6 0.1277 0.1954 0.2147 0.2264 0.2671 0.2949 0.2196 0.1881 0.1975 0.1730 0.1704 0.1880 0.1809
4, 7 0.0927 0.1286 0.1854 0.2121 0.1768 0.2093 0.1624 0.1450 0.1173 0.1194 0.1187 0.1370 0.1178
4, 8 0.0790 0.1192 0.1183 0.1235 0.1217 0.1640 0.1127 0.1296 0.1415 0.0920 0.1031 0.0704 0.0970
4, 9 0.0637 0.0830 0.1014 0.1096 0.1072 0.1098 0.1017 0.1020 0.0848 0.0802 0.0904 0.0691 0.0990
4, T 0.0568 0.0859 0.0909 0.0892 0.0826 0.0838 0.1191 0.1014 0.0723 0.0695 0.0554 0.0535 0.0761
4, J 0.0431 0.0649 0.0739 0.0788 0.0954 0.1137 0.0809 0.0732 0.0889 0.0637 0.0575 0.0594 0.0755
4, Q 0.0447 0.0560 0.0747 0.0805 0.0872 0.0884 0.0994 0.0981 0.0705 0.0533 0.0751 0.0860 0.0811
4, K 0.0467 0.0734 0.0650 0.0723 0.0919 0.0938 0.0716 0.1022 0.0668 0.0699 0.0571 0.0766 0.0603
	      A      2      3      4      5      6      7      8      9      T      J      Q      K
5, A 0.1847 0.3766 0.3544 0.3802 0.4092 0.4425 0.4000 0.3486 0.2954 0.2627 0.2335 0.2746 0.2928
5, 2 0.1833 0.3476 0.3539 0.3629 0.4354 0.3616 0.3059 0.3489 0.3217 0.2161 0.2254 0.2446 0.2639
5, 3 0.1419 0.2860 0.3189 0.2981 0.3710 0.3621 0.3115 0.3043 0.2664 0.2410 0.1992 0.2425 0.2217
5, 4 0.1616 0.2439 0.2630 0.2978 0.2747 0.3300 0.3201 0.2575 0.2281 0.1838 0.1976 0.1772 0.2134
5, 5 0.1370 0.2231 0.2222 0.2212 0.2444 0.2761 0.2328 0.1841 0.2028 0.2160 0.1525 0.1837 0.1795
5, 6 0.0686 0.1316 0.1501 0.1571 0.1699 0.1440 0.1475 0.1629 0.1752 0.1170 0.1412 0.1224 0.0981
5, 7 0.0573 0.1247 0.1056 0.1373 0.1332 0.1303 0.1305 0.1462 0.1130 0.0779 0.0897 0.1234 0.0985
5, 8 0.0514 0.1233 0.1052 0.1106 0.1027 0.1218 0.1155 0.1309 0.1004 0.1029 0.0865 0.0929 0.0824
5, 9 0.0626 0.0865 0.0676 0.0759 0.1153 0.0957 0.0983 0.0764 0.0817 0.0606 0.0586 0.0716 0.1093
5, T 0.0442 0.0444 0.0700 0.0610 0.0554 0.0681 0.0687 0.0665 0.0700 0.0480 0.0560 0.0628 0.0634
5, J 0.0339 0.0724 0.0446 0.0437 0.0751 0.0870 0.0751 0.0711 0.0802 0.0544 0.0628 0.0479 0.0630
5, Q 0.0436 0.0634 0.0536 0.0545 0.0656 0.0619 0.0569 0.0692 0.0550 0.0711 0.0504 0.0596 0.0552
5, K 0.0353 0.0557 0.0497 0.0830 0.0734 0.0673 0.0750 0.0646 0.0924 0.0475 0.0672 0.0544 0.0450
	      A      2      3      4      5      6      7      8      9      T      J      Q      K
6, A 0.1393 0.3377 0.3377 0.3660 0.3760 0.4106 0.3946 0.3119 0.3056 0.2718 0.2649 0.2367 0.2637
6, 2 0.1573 0.2812 0.3036 0.2947 0.3622 0.3233 0.3406 0.2470 0.2699 0.2825 0.2183 0.2361 0.2480
6, 3 0.1293 0.2495 0.2314 0.2725 0.2937 0.2448 0.2749 0.2516 0.2318 0.2275 0.2021 0.1979 0.2297
6, 4 0.1318 0.1752 0.2096 0.2414 0.2175 0.2730 0.2196 0.2148 0.1833 0.1630 0.2043 0.1429 0.1393
6, 5 0.1175 0.1305 0.1512 0.1321 0.2143 0.1873 0.1451 0.1315 0.1192 0.1205 0.1243 0.1071 0.1106
6, 6 0.0618 0.1379 0.1345 0.1204 0.1565 0.1397 0.1403 0.1182 0.1567 0.1190 0.1201 0.0957 0.0874
6, 7 0.0405 0.1049 0.1004 0.1069 0.0952 0.1193 0.1335 0.0935 0.0941 0.0907 0.0819 0.0808 0.0929
6, 8 0.0577 0.0719 0.0852 0.0693 0.0936 0.1132 0.0990 0.0912 0.0633 0.0821 0.0621 0.0819 0.0753
6, 9 0.0372 0.0649 0.0642 0.0558 0.1013 0.0623 0.0792 0.0529 0.0769 0.0605 0.0426 0.0521 0.0527
6, T 0.0158 0.0525 0.0536 0.0385 0.0605 0.0348 0.0425 0.0684 0.0377 0.0532 0.0557 0.0501 0.0463
6, J 0.0361 0.0459 0.0420 0.0392 0.0525 0.0533 0.0505 0.0410 0.0603 0.0462 0.0431 0.0486 0.0515
6, Q 0.0235 0.0418 0.0324 0.0308 0.0615 0.0672 0.0423 0.0576 0.0413 0.0466 0.0366 0.0438 0.0372
6, K 0.0286 0.0537 0.0359 0.0426 0.0413 0.0573 0.0556 0.0602 0.0540 0.0215 0.0505 0.0512 0.0410
	      A      2      3      4      5      6      7      8      9      T      J      Q      K
7, A 0.1567 0.2806 0.3360 0.3320 0.3244 0.3768 0.3184 0.2913 0.2920 0.2474 0.2752 0.2061 0.2434
7, 2 0.1282 0.2194 0.2404 0.2759 0.2573 0.2765 0.2431 0.2576 0.2457 0.2052 0.2382 0.1904 0.1670
7, 3 0.1386 0.2114 0.2345 0.2431 0.2358 0.2227 0.2473 0.1872 0.2012 0.1874 0.1612 0.1899 0.1660
7, 4 0.0764 0.1759 0.1444 0.1821 0.1596 0.2004 0.1314 0.1483 0.1663 0.1271 0.1384 0.1227 0.1571
7, 5 0.0866 0.1107 0.1363 0.1092 0.1594 0.1452 0.1300 0.1580 0.1240 0.1143 0.1304 0.1220 0.1044
7, 6 0.0643 0.1106 0.0907 0.1146 0.1565 0.1149 0.1176 0.1020 0.0837 0.0675 0.0743 0.1116 0.0933
7, 7 0.0880 0.0854 0.0932 0.1044 0.0831 0.0984 0.1031 0.1053 0.0771 0.0775 0.0933 0.0708 0.0785
7, 8 0.0459 0.0584 0.0594 0.0535 0.0563 0.0934 0.0695 0.1025 0.0582 0.0592 0.0538 0.0591 0.0522
7, 9 0.0126 0.0438 0.0578 0.0381 0.0667 0.0361 0.0490 0.0390 0.0551 0.0389 0.0394 0.0454 0.0337
7, T 0.0151 0.0329 0.0297 0.0323 0.0264 0.0340 0.0206 0.0295 0.0244 0.0189 0.0250 0.0351 0.0398
7, J 0.0231 0.0338 0.0185 0.0365 0.0389 0.0423 0.0383 0.0277 0.0224 0.0248 0.0329 0.0267 0.0278
7, Q 0.0175 0.0381 0.0288 0.0284 0.0317 0.0290 0.0353 0.0394 0.0271 0.0301 0.0230 0.0202 0.0389
7, K 0.0241 0.0285 0.0160 0.0218 0.0298 0.0276 0.0596 0.0318 0.0325 0.0187 0.0262 0.0119 0.0256
	      A      2      3      4      5      6      7      8      9      T      J      Q      K
8, A 0.0914 0.2203 0.2484 0.2686 0.2694 0.2674 0.2918 0.2755 0.2438 0.1680 0.2083 0.2004 0.2176
8, 2 0.1269 0.2198 0.2025 0.2267 0.1992 0.2575 0.2427 0.2216 0.2388 0.1618 0.1844 0.1809 0.1605
8, 3 0.0930 0.1399 0.1782 0.1670 0.1523 0.1765 0.1534 0.1718 0.1195 0.1253 0.1164 0.1279 0.1109
8, 4 0.0680 0.1324 0.1350 0.0961 0.1573 0.1475 0.1310 0.1464 0.1285 0.0788 0.0841 0.1148 0.1033
8, 5 0.0512 0.0911 0.1018 0.1004 0.1105 0.1347 0.1554 0.1421 0.1163 0.1010 0.1002 0.0982 0.0945
8, 6 0.0484 0.0660 0.0983 0.1038 0.1009 0.0940 0.1269 0.0825 0.1080 0.0815 0.0924 0.0664 0.0624
8, 7 0.0345 0.0694 0.0865 0.0862 0.0492 0.0806 0.0653 0.0659 0.0503 0.0430 0.0684 0.0564 0.0567
8, 8 0.0338 0.0556 0.0625 0.0429 0.0595 0.0552 0.0501 0.0591 0.0456 0.0409 0.0395 0.0537 0.0303
8, 9 0.0153 0.0232 0.0204 0.0348 0.0233 0.0399 0.0305 0.0308 0.0515 0.0313 0.0365 0.0290 0.0082
8, T 0.0167 0.0086 0.0132 0.0041 0.0101 0.0197 0.0111 0.0176 0.0210 0.0078 0.0159 0.0171 0.0101
8, J 0.0115 0.0022 0.0142 0.0161 0.0144 0.0317 0.0205 0.0278 0.0166 0.0258 0.0197 0.0168 0.0112
8, Q 0.0041 0.0228 0.0190 0.0060 0.0198 0.0135 0.0152 0.0103 0.0168 0.0088 0.0156 0.0112 0.0215
8, K 0.0102 0.0128 0.0063 0.0197 0.0262 0.0041 0.0225 0.0169 0.0264 0.0197 0.0145 0.0183 0.0241
	      A      2      3      4      5      6      7      8      9      T      J      Q      K
9, A 0.1149 0.2455 0.2035 0.2149 0.1907 0.2535 0.2594 0.2149 0.1802 0.2070 0.1818 0.1507 0.1940
9, 2 0.0806 0.1311 0.1531 0.1601 0.1475 0.1893 0.1740 0.1416 0.1608 0.1113 0.1106 0.1059 0.1144
9, 3 0.0907 0.1245 0.1122 0.1405 0.1556 0.1409 0.1307 0.1250 0.0893 0.1320 0.1102 0.1000 0.1165
9, 4 0.0473 0.1025 0.1034 0.0950 0.1109 0.1197 0.1641 0.1065 0.1022 0.0828 0.0771 0.0837 0.0875
9, 5 0.0385 0.0896 0.0727 0.0828 0.1005 0.1178 0.0932 0.0994 0.0640 0.0843 0.0799 0.0816 0.0731
9, 6 0.0305 0.0568 0.0644 0.0570 0.0602 0.0740 0.0777 0.0805 0.0554 0.0671 0.0364 0.0579 0.0573
9, 7 0.0304 0.0328 0.0333 0.0435 0.0592 0.0500 0.0537 0.0536 0.0659 0.0405 0.0529 0.0390 0.0573
9, 8 0.0126 0.0229 0.0248 0.0287 0.0376 0.0282 0.0423 0.0196 0.0383 0.0138 0.0265 0.0286 0.0309
9, 9 0.0082 0.0112 0.0000 0.0115 0.0093 0.0189 0.0084 0.0109 0.0267 0.0106 0.0233 0.0276 0.0270
9, T 0.0000 0.0023 0.0020 0.0042 0.0040 0.0043 0.0020 0.0085 0.0028 0.0082 0.0000 0.0040 0.0060
9, J 0.0022 0.0000 0.0042 0.0065 0.0041 0.0020 0.0000 0.0042 0.0029 0.0000 0.0050 0.0063 0.0042
9, Q 0.0020 0.0040 0.0068 0.0043 0.0088 0.0039 0.0063 0.0040 0.0054 0.0021 0.0000 0.0060 0.0044
9, K 0.0000 0.0020 0.0102 0.0043 0.0044 0.0040 0.0041 0.0022 0.0029 0.0020 0.0019 0.0041 0.0030
	      A      2      3      4      5      6      7      8      9      T      J      Q      K
T, A 0.0874 0.1519 0.1644 0.1340 0.1660 0.1834 0.1818 0.1542 0.1403 0.1096 0.1187 0.1202 0.1086
T, 2 0.0575 0.1058 0.1018 0.1171 0.1370 0.1407 0.1037 0.1296 0.1022 0.1167 0.1335 0.1023 0.0915
T, 3 0.0549 0.0992 0.1260 0.1033 0.1015 0.1046 0.1331 0.1215 0.0833 0.1092 0.0921 0.0994 0.0903
T, 4 0.0412 0.0865 0.0789 0.0767 0.0702 0.0922 0.0845 0.0785 0.0904 0.0696 0.0629 0.0807 0.0680
T, 5 0.0365 0.0605 0.0602 0.0535 0.0698 0.0658 0.0462 0.0808 0.0701 0.0465 0.0508 0.0454 0.0597
T, 6 0.0356 0.0466 0.0483 0.0559 0.0310 0.0548 0.0667 0.0573 0.0578 0.0526 0.0556 0.0513 0.0537
T, 7 0.0155 0.0368 0.0334 0.0300 0.0318 0.0388 0.0431 0.0351 0.0366 0.0245 0.0365 0.0210 0.0312
T, 8 0.0091 0.0124 0.0119 0.0104 0.0208 0.0192 0.0216 0.0075 0.0265 0.0083 0.0123 0.0204 0.0161
T, 9 0.0021 0.0062 0.0041 0.0061 0.0062 0.0062 0.0039 0.0039 0.0030 0.0029 0.0024 0.0022 0.0040
T, T 0.0000 0.0000 0.0000 0.0000 0.0000 0.0000 0.0000 0.0000 0.0000 0.0000 0.0000 0.0000 0.0000
T, J 0.0000 0.0000 0.0000 0.0000 0.0000 0.0000 0.0000 0.0000 0.0000 0.0000 0.0000 0.0000 0.0000
T, Q 0.0000 0.0000 0.0000 0.0000 0.0000 0.0000 0.0000 0.0000 0.0000 0.0000 0.0000 0.0000 0.0000
T, K 0.0000 0.0000 0.0000 0.0000 0.0000 0.0000 0.0000 0.0000 0.0000 0.0000 0.0000 0.0000 0.0000
	      A      2      3      4      5      6      7      8      9      T      J      Q      K
J, A 0.0812 0.1417 0.1258 0.1493 0.1374 0.1718 0.1506 0.1591 0.1422 0.1481 0.1214 0.1222 0.1361
J, 2 0.0847 0.1169 0.1293 0.1282 0.1370 0.1344 0.1389 0.1715 0.0935 0.1000 0.0989 0.1065 0.1354
J, 3 0.0562 0.0965 0.0789 0.0892 0.1209 0.1049 0.1286 0.1000 0.1023 0.0692 0.0676 0.0835 0.0858
J, 4 0.0442 0.0909 0.0719 0.0541 0.0839 0.1073 0.0963 0.0867 0.0973 0.0758 0.0838 0.0683 0.0874
J, 5 0.0319 0.0605 0.0553 0.0594 0.0647 0.0766 0.0818 0.0667 0.0717 0.0851 0.0590 0.0454 0.0426
J, 6 0.0066 0.0360 0.0445 0.0451 0.0491 0.0705 0.0710 0.0564 0.0541 0.0523 0.0538 0.0394 0.0319
J, 7 0.0180 0.0128 0.0408 0.0377 0.0281 0.0285 0.0545 0.0427 0.0412 0.0307 0.0294 0.0293 0.0380
J, 8 0.0083 0.0088 0.0103 0.0138 0.0197 0.0181 0.0145 0.0266 0.0145 0.0261 0.0178 0.0275 0.0125
J, 9 0.0074 0.0000 0.0020 0.0064 0.0113 0.0042 0.0043 0.0058 0.0028 0.0000 0.0055 0.0040 0.0021
J, T 0.0000 0.0000 0.0000 0.0000 0.0000 0.0000 0.0000 0.0000 0.0000 0.0000 0.0000 0.0000 0.0000
J, J 0.0000 0.0000 0.0000 0.0000 0.0000 0.0000 0.0000 0.0000 0.0000 0.0000 0.0000 0.0000 0.0000
J, Q 0.0000 0.0000 0.0000 0.0000 0.0000 0.0000 0.0000 0.0000 0.0000 0.0000 0.0000 0.0000 0.0000
J, K 0.0000 0.0000 0.0000 0.0000 0.0000 0.0000 0.0000 0.0000 0.0000 0.0000 0.0000 0.0000 0.0000
	      A      2      3      4      5      6      7      8      9      T      J      Q      K
Q, A 0.1034 0.1849 0.1814 0.1697 0.1810 0.1774 0.1618 0.1677 0.1368 0.1484 0.1228 0.1412 0.1222
Q, 2 0.0784 0.1342 0.1162 0.1205 0.1509 0.1301 0.1303 0.1225 0.1195 0.0880 0.1113 0.1403 0.0968
Q, 3 0.0442 0.1047 0.0947 0.1023 0.1237 0.1151 0.1146 0.0774 0.0940 0.0881 0.0700 0.0917 0.1048
Q, 4 0.0438 0.0649 0.0697 0.0837 0.0639 0.0855 0.0952 0.0763 0.0785 0.0818 0.0775 0.0729 0.0518
Q, 5 0.0463 0.0508 0.0615 0.0645 0.0552 0.0622 0.0811 0.0634 0.0573 0.0616 0.0339 0.0497 0.0535
Q, 6 0.0331 0.0486 0.0387 0.0620 0.0439 0.0511 0.0430 0.0488 0.0553 0.0446 0.0577 0.0568 0.0472
Q, 7 0.0069 0.0182 0.0219 0.0466 0.0169 0.0284 0.0468 0.0383 0.0384 0.0187 0.0203 0.0107 0.0265
Q, 8 0.0039 0.0176 0.0168 0.0178 0.0078 0.0140 0.0130 0.0238 0.0142 0.0180 0.0224 0.0201 0.0155
Q, 9 0.0000 0.0021 0.0000 0.0058 0.0077 0.0113 0.0042 0.0039 0.0000 0.0023 0.0063 0.0000 0.0074
Q, T 0.0000 0.0000 0.0000 0.0000 0.0000 0.0000 0.0000 0.0000 0.0000 0.0000 0.0000 0.0000 0.0000
Q, J 0.0000 0.0000 0.0000 0.0000 0.0000 0.0000 0.0000 0.0000 0.0000 0.0000 0.0000 0.0000 0.0000
Q, Q 0.0000 0.0000 0.0000 0.0000 0.0000 0.0000 0.0000 0.0000 0.0000 0.0000 0.0000 0.0000 0.0000
Q, K 0.0000 0.0000 0.0000 0.0000 0.0000 0.0000 0.0000 0.0000 0.0000 0.0000 0.0000 0.0000 0.0000
	      A      2      3      4      5      6      7      8      9      T      J      Q      K
K, A 0.0848 0.1573 0.1532 0.1558 0.1842 0.1927 0.1331 0.1573 0.1456 0.1381 0.1394 0.1185 0.1289
K, 2 0.0692 0.1297 0.1190 0.1482 0.1136 0.1360 0.1414 0.1366 0.1081 0.1130 0.1045 0.1042 0.1131
K, 3 0.0550 0.0838 0.0870 0.0763 0.1004 0.1220 0.1169 0.1126 0.1273 0.1034 0.0679 0.1014 0.1070
K, 4 0.0574 0.0852 0.0861 0.0912 0.0909 0.0821 0.0899 0.0920 0.0888 0.1046 0.0785 0.0742 0.0647
K, 5 0.0496 0.0728 0.0599 0.0651 0.0729 0.1088 0.0835 0.0707 0.0845 0.0576 0.0621 0.0624 0.0587
K, 6 0.0211 0.0515 0.0511 0.0664 0.0407 0.0430 0.0758 0.0365 0.0425 0.0361 0.0516 0.0445 0.0519
K, 7 0.0121 0.0352 0.0366 0.0177 0.0261 0.0586 0.0236 0.0470 0.0479 0.0299 0.0245 0.0261 0.0142
K, 8 0.0079 0.0127 0.0215 0.0122 0.0274 0.0090 0.0086 0.0219 0.0189 0.0042 0.0148 0.0120 0.0267
K, 9 0.0021 0.0039 0.0039 0.0020 0.0023 0.0096 0.0019 0.0065 0.0000 0.0041 0.0083 0.0060 0.0029
K, T 0.0000 0.0000 0.0000 0.0000 0.0000 0.0000 0.0000 0.0000 0.0000 0.0000 0.0000 0.0000 0.0000
K, J 0.0000 0.0000 0.0000 0.0000 0.0000 0.0000 0.0000 0.0000 0.0000 0.0000 0.0000 0.0000 0.0000
K, Q 0.0000 0.0000 0.0000 0.0000 0.0000 0.0000 0.0000 0.0000 0.0000 0.0000 0.0000 0.0000 0.0000
K, K 0.0000 0.0000 0.0000 0.0000 0.0000 0.0000 0.0000 0.0000 0.0000 0.0000 0.0000 0.0000 0.0000
