	      A      2      3      4      5      6      7      8      9      T      J      Q      K
A, A 0.2595 0.4493 0.4877 0.4574 0.4615 0.5215 0.4641 0.4077 0.3879 0.3140 0.3362 0.3902 0.4317
A, 2 0.2136 0.4501 0.4490 0.4578 0.4440 0.4844 0.4348 0.3792 0.3506 0.3249 0.3216 0.3435 0.3206
A, 3 0.1987 0.3885 0.4255 0.4113 0.4623 0.4928 0.3932 0.3532 0.3522 0.2671 0.3278 0.2957 0.2682
A, 4 0.2157 0.4045 0.4280 0.4104 0.3742 0.4662 0.4194 0.3571 0.3931 0.2826 0.3256 0.2697 0.2928
A, 5 0.2018 0.3537 0.3787 0.3931 0.4222 0.4149 0.3664 0.3961 0.3046 0.2826 0.2619 0.2934 0.2638
A, 6 0.1497 0.3305 0.3326 0.3129 0.3930 0.3804 0.3229 0.3226 0.2671 0.2760 0.2627 0.2495 0.2579
A, 7 0.1504 0.2829 0.3220 0.3143 0.3101 0.3515 0.3363 0.2817 0.2969 0.2686 0.2659 0.2089 0.2443
A, 8 0.1437 0.2619 0.2535 0.2396 0.2918 0.2708 0.2711 0.2633 0.2161 0.2118 0.2110 0.2049 0.1935
A, 9 0.1063 0.1910 0.1909 0.2343 0.2410 0.2225 0.2041 0.2149 0.1785 0.1930 0.1867 0.1660 0.1930
A, T 0.0870 0.2025 0.1654 0.1429 0.1602 0.1587 0.1634 0.1376 0.1603 0.0758 0.1540 0.1381 0.1208
A, J 0.0816 0.1310 0.1680 0.1489 0.1774 0.1145 0.1620 0.1609 0.1605 0.1310 0.1525 0.1338 0.1217
A, Q 0.0845 0.1390 0.1441 0.1647 0.1670 0.1256 0.1495 0.1457 0.1540 0.1293 0.1302 0.1326 0.1305
A, K 0.0871 0.1700 0.1552 0.1616 0.1561 0.1548 0.1839 0.1534 0.1656 0.1691 0.1518 0.1253 0.1349      A      2      3      4      5      6      7      8      9      T      J      Q      K
2, A 0.1691 0.4459 0.4638 0.4648 0.5085 0.5125 0.4380 0.3987 0.3503 0.3143 0.3229 0.2857 0.2954
2, 2 0.1950 0.3866 0.4032 0.4323 0.4659 0.4398 0.4108 0.3558 0.3118 0.2634 0.2936 0.2789 0.2415
2, 3 0.1826 0.3949 0.3443 0.4089 0.4276 0.4617 0.4008 0.3630 0.2919 0.2733 0.2526 0.2480 0.2888
2, 4 0.2000 0.3534 0.3562 0.3889 0.3523 0.4106 0.3697 0.3482 0.2887 0.2725 0.2737 0.2700 0.2753
2, 5 0.1707 0.3645 0.3113 0.3431 0.3754 0.3492 0.3681 0.2907 0.2863 0.2431 0.2300 0.2713 0.2654
2, 6 0.1778 0.3106 0.3021 0.3230 0.3113 0.3878 0.3396 0.3252 0.2625 0.2105 0.2325 0.2538 0.2293
2, 7 0.1468 0.2899 0.2350 0.2622 0.2546 0.2837 0.2426 0.2484 0.2316 0.1853 0.1976 0.2056 0.2158
2, 8 0.1104 0.2139 0.2243 0.2471 0.1805 0.2133 0.2339 0.1732 0.2129 0.1798 0.1863 0.1630 0.1850
2, 9 0.0803 0.1416 0.1316 0.1542 0.1526 0.1645 0.1881 0.1750 0.1297 0.1074 0.0897 0.1360 0.1159
2, T 0.0791 0.0729 0.1270 0.1071 0.1464 0.1331 0.1281 0.1420 0.1113 0.1525 0.1015 0.1162 0.1023
2, J 0.0852 0.1040 0.1054 0.1406 0.1234 0.1455 0.1191 0.1344 0.1278 0.1012 0.0930 0.1026 0.0992
2, Q 0.0782 0.1324 0.1444 0.1375 0.1440 0.1587 0.1075 0.1271 0.1263 0.0823 0.1105 0.0859 0.0951
2, K 0.0896 0.1247 0.1388 0.1322 0.1253 0.1357 0.1509 0.1312 0.1255 0.0994 0.1149 0.1231 0.0920      A      2      3      4      5      6      7      8      9      T      J      Q      K
3, A 0.1896 0.3992 0.4270 0.4571 0.4520 0.4818 0.4206 0.3996 0.3413 0.2953 0.3124 0.2878 0.2654
3, 2 0.1850 0.3840 0.3784 0.4160 0.3902 0.4492 0.4335 0.3596 0.2914 0.2526 0.2608 0.2596 0.2656
3, 3 0.2067 0.3274 0.2682 0.4005 0.3962 0.4286 0.3588 0.3083 0.2865 0.2827 0.2699 0.2500 0.2974
3, 4 0.1853 0.3019 0.3128 0.3342 0.3574 0.3720 0.3230 0.2947 0.2818 0.2465 0.2245 0.2535 0.2566
3, 5 0.1783 0.3053 0.2955 0.3341 0.3371 0.3640 0.3089 0.3159 0.2822 0.2806 0.2711 0.2108 0.2329
3, 6 0.1321 0.2611 0.2712 0.3067 0.2722 0.2767 0.2781 0.2828 0.2443 0.2097 0.2078 0.2103 0.1686
3, 7 0.0844 0.2374 0.2024 0.2295 0.2446 0.2434 0.2061 0.2156 0.1656 0.1592 0.1646 0.1680 0.1494
3, 8 0.0776 0.1529 0.1484 0.1588 0.1583 0.1647 0.1728 0.1506 0.1518 0.1168 0.0966 0.1490 0.1201
3, 9 0.0725 0.1114 0.1135 0.1306 0.0992 0.1310 0.1463 0.1196 0.1198 0.1162 0.1163 0.0971 0.0909
3, T 0.0645 0.1094 0.0919 0.1078 0.0901 0.1285 0.1016 0.1172 0.0943 0.0901 0.0886 0.1109 0.1046
3, J 0.0742 0.0996 0.1072 0.0830 0.1162 0.0951 0.1287 0.1093 0.0857 0.1124 0.1145 0.0803 0.0887
3, Q 0.0734 0.1173 0.0853 0.1047 0.1091 0.0871 0.1153 0.1093 0.0952 0.0861 0.0870 0.0889 0.0889
3, K 0.0558 0.1247 0.0816 0.1105 0.0904 0.0819 0.1044 0.0818 0.0857 0.0952 0.0888 0.0701 0.0805      A      2      3      4      5      6      7      8      9      T      J      Q      K
4, A 0.2082 0.3700 0.3967 0.4522 0.4592 0.4397 0.4042 0.3920 0.3433 0.3075 0.2826 0.2805 0.3179
4, 2 0.1845 0.3324 0.3514 0.3405 0.4267 0.3567 0.3859 0.3407 0.2909 0.2729 0.2545 0.2052 0.2354
4, 3 0.1527 0.3228 0.3393 0.3251 0.4099 0.3426 0.3597 0.3178 0.2582 0.2284 0.2248 0.2686 0.2475
4, 4 0.1837 0.2959 0.2762 0.3220 0.3571 0.3134 0.3644 0.3215 0.2229 0.2292 0.2332 0.2551 0.2445
4, 5 0.1403 0.2610 0.2642 0.2786 0.3012 0.2812 0.3141 0.2742 0.2383 0.2117 0.1852 0.2040 0.1832
4, 6 0.1066 0.1988 0.1979 0.2237 0.2390 0.2254 0.2615 0.2120 0.2048 0.1732 0.1761 0.1581 0.1793
4, 7 0.0588 0.1603 0.1602 0.1506 0.1538 0.1717 0.1754 0.1545 0.1520 0.1159 0.1318 0.0886 0.1258
4, 8 0.0737 0.1247 0.1610 0.1198 0.1531 0.1288 0.1195 0.1157 0.1340 0.0971 0.1220 0.1245 0.1118
4, 9 0.0630 0.0884 0.1111 0.0912 0.1092 0.1322 0.0989 0.1176 0.1015 0.0866 0.0569 0.0667 0.0788
4, T 0.0479 0.0772 0.1052 0.0965 0.0933 0.0578 0.0969 0.0851 0.0884 0.0549 0.0568 0.0685 0.0887
4, J 0.0503 0.0840 0.0789 0.0627 0.0740 0.0774 0.0949 0.0884 0.0664 0.0774 0.0476 0.0659 0.0844
4, Q 0.0549 0.0732 0.0833 0.0630 0.0970 0.0909 0.1180 0.0907 0.0637 0.0626 0.0676 0.0560 0.0772
4, K 0.0489 0.0738 0.0998 0.0680 0.0800 0.1233 0.1004 0.0938 0.0804 0.0648 0.0617 0.0784 0.0546      A      2      3      4      5      6      7      8      9      T      J      Q      K
5, A 0.2012 0.3651 0.3355 0.3948 0.3508 0.4135 0.3298 0.3217 0.3273 0.2414 0.2827 0.2978 0.2782
5, 2 0.1818 0.3362 0.3620 0.3293 0.3983 0.3737 0.3436 0.3222 0.2883 0.2756 0.2174 0.2848 0.2398
5, 3 0.1818 0.2961 0.2661 0.3246 0.3134 0.3265 0.3433 0.3091 0.2676 0.2022 0.2314 0.2299 0.2247
5, 4 0.1159 0.2794 0.2616 0.3029 0.2781 0.3162 0.3028 0.2511 0.2475 0.2248 0.2301 0.2000 0.2232
5, 5 0.1061 0.2163 0.2018 0.2154 0.1953 0.2784 0.1828 0.2459 0.1983 0.2169 0.1592 0.1611 0.1902
5, 6 0.0909 0.1230 0.1393 0.1653 0.1425 0.1749 0.1447 0.1652 0.1542 0.0994 0.1247 0.0939 0.1303
5, 7 0.0672 0.1417 0.1240 0.1466 0.1083 0.1409 0.1141 0.1071 0.1200 0.1082 0.0914 0.0731 0.1004
5, 8 0.0730 0.1107 0.1172 0.0719 0.1167 0.1169 0.1340 0.1150 0.1176 0.0948 0.0766 0.0706 0.0837
5, 9 0.0350 0.0720 0.0684 0.0820 0.1163 0.1037 0.1173 0.1071 0.0723 0.0579 0.0760 0.0662 0.0713
5, T 0.0431 0.0622 0.0409 0.0526 0.0591 0.0823 0.0735 0.0852 0.0411 0.0659 0.0571 0.0491 0.0233
5, J 0.0425 0.0581 0.0667 0.0432 0.0602 0.0621 0.0886 0.0873 0.0453 0.0485 0.0553 0.0616 0.0561
5, Q 0.0304 0.0616 0.0630 0.0919 0.0561 0.0520 0.0788 0.0743 0.0806 0.0471 0.0629 0.0678 0.0678
5, K 0.0389 0.0565 0.0477 0.0592 0.0737 0.0625 0.0876 0.0774 0.0534 0.0771 0.0518 0.0668 0.0628      A      2      3      4      5      6      7      8      9      T      J      Q      K
6, A 0.1873 0.3257 0.3491 0.3845 0.3876 0.3494 0.3736 0.3400 0.3238 0.3049 0.2711 0.2708 0.2511
6, 2 0.1367 0.3083 0.2988 0.3138 0.3475 0.3205 0.3298 0.2897 0.2827 0.2201 0.2241 0.2471 0.2462
6, 3 0.1331 0.2817 0.2452 0.2860 0.2549 0.2582 0.2716 0.2789 0.2288 0.1962 0.2323 0.1843 0.1927
6, 4 0.1181 0.1934 0.2197 0.2110 0.2412 0.2231 0.2718 0.2195 0.2040 0.1667 0.1816 0.1795 0.1492
6, 5 0.0844 0.1426 0.1760 0.1883 0.1530 0.1788 0.1401 0.1036 0.1367 0.1435 0.0952 0.1029 0.1040
6, 6 0.0574 0.1314 0.1061 0.1473 0.1329 0.1469 0.1542 0.1325 0.1416 0.1165 0.1079 0.1038 0.0831
6, 7 0.0602 0.1008 0.1043 0.1229 0.1043 0.1148 0.1024 0.1376 0.0804 0.0847 0.0934 0.0658 0.0911
6, 8 0.0423 0.0776 0.0752 0.0895 0.1121 0.0842 0.1078 0.1024 0.1037 0.0624 0.0876 0.0679 0.0825
6, 9 0.0364 0.0769 0.0719 0.0638 0.0716 0.0771 0.0848 0.0782 0.1006 0.0587 0.0772 0.0679 0.0370
6, T 0.0198 0.0372 0.0389 0.0669 0.0494 0.0522 0.0584 0.0419 0.0510 0.0543 0.0334 0.0498 0.0391
6, J 0.0431 0.0283 0.0494 0.0616 0.0379 0.0625 0.0777 0.0601 0.0590 0.0441 0.0399 0.0544 0.0169
6, Q 0.0352 0.0582 0.0395 0.0498 0.0593 0.0568 0.0684 0.0452 0.0440 0.0455 0.0305 0.0695 0.0233
6, K 0.0398 0.0433 0.0444 0.0630 0.0507 0.0361 0.0573 0.0589 0.0613 0.0407 0.0397 0.0484 0.0543      A      2      3      4      5      6      7      8      9      T      J      Q      K
7, A 0.1690 0.3220 0.3080 0.3183 0.3117 0.3138 0.3203 0.2905 0.2572 0.2434 0.2185 0.2794 0.2562
7, 2 0.1503 0.2553 0.2874 0.2919 0.2878 0.2958 0.2480 0.2424 0.2348 0.2100 0.2036 0.1924 0.1619
7, 3 0.1134 0.2257 0.2211 0.2624 0.2375 0.2401 0.2175 0.2157 0.1836 0.1902 0.1628 0.1975 0.1953
7, 4 0.0786 0.1524 0.1544 0.1768 0.1917 0.1565 0.1484 0.1614 0.1118 0.1041 0.1140 0.1135 0.0980
7, 5 0.0675 0.1373 0.1402 0.1452 0.1311 0.1456 0.1231 0.1375 0.1058 0.0973 0.0892 0.0904 0.0892
7, 6 0.0706 0.0771 0.0816 0.1142 0.1233 0.0924 0.1229 0.1342 0.0856 0.0719 0.0646 0.0876 0.0899
7, 7 0.0358 0.0888 0.0718 0.0852 0.0769 0.0980 0.1040 0.1157 0.0727 0.1058 0.0726 0.0730 0.0725
7, 8 0.0408 0.0634 0.0856 0.0888 0.0592 0.0690 0.0748 0.0610 0.0668 0.0545 0.0631 0.0636 0.0515
7, 9 0.0214 0.0343 0.0480 0.0703 0.0616 0.0447 0.0461 0.0578 0.0504 0.0547 0.0564 0.0605 0.0478
7, T 0.0137 0.0234 0.0395 0.0381 0.0301 0.0365 0.0347 0.0440 0.0241 0.0302 0.0190 0.0319 0.0325
7, J 0.0120 0.0295 0.0401 0.0314 0.0281 0.0315 0.0274 0.0246 0.0348 0.0296 0.0231 0.0189 0.0183
7, Q 0.0162 0.0204 0.0359 0.0364 0.0276 0.0233 0.0320 0.0130 0.0291 0.0237 0.0159 0.0330 0.0225
7, K 0.0281 0.0278 0.0368 0.0328 0.0274 0.0264 0.0402 0.0340 0.0270 0.0293 0.0238 0.0238 0.0302      A      2      3      4      5      6      7      8      9      T      J      Q      K
8, A 0.1157 0.2656 0.2521 0.3068 0.3008 0.2956 0.2842 0.2918 0.2325 0.2199 0.2331 0.2080 0.1925
8, 2 0.1208 0.1953 0.2183 0.2461 0.2251 0.2374 0.2232 0.2154 0.2263 0.1846 0.1987 0.1352 0.2008
8, 3 0.0837 0.1413 0.1725 0.1596 0.1629 0.1687 0.1979 0.1601 0.1416 0.1220 0.1260 0.1064 0.1275
8, 4 0.0920 0.1198 0.1076 0.1220 0.1566 0.1323 0.1368 0.1440 0.1310 0.1004 0.0878 0.1104 0.1232
8, 5 0.0593 0.1063 0.0936 0.1187 0.1050 0.1258 0.1068 0.1130 0.1328 0.0925 0.0932 0.0650 0.0945
8, 6 0.0418 0.0782 0.0884 0.1052 0.0654 0.1186 0.0800 0.1043 0.1016 0.0861 0.0821 0.0484 0.0815
8, 7 0.0459 0.0803 0.0654 0.0688 0.0573 0.0731 0.0940 0.0657 0.0735 0.0505 0.0573 0.0486 0.0648
8, 8 0.0299 0.0229 0.0585 0.0385 0.0473 0.0514 0.0476 0.0448 0.0651 0.0257 0.0525 0.0380 0.0446
8, 9 0.0106 0.0151 0.0245 0.0338 0.0240 0.0204 0.0321 0.0356 0.0427 0.0340 0.0296 0.0265 0.0200
8, T 0.0061 0.0125 0.0241 0.0106 0.0167 0.0190 0.0123 0.0138 0.0224 0.0199 0.0021 0.0086 0.0202
8, J 0.0063 0.0100 0.0130 0.0151 0.0160 0.0229 0.0206 0.0268 0.0178 0.0204 0.0151 0.0231 0.0235
8, Q 0.0019 0.0086 0.0171 0.0167 0.0147 0.0210 0.0224 0.0109 0.0218 0.0082 0.0077 0.0092 0.0270
8, K 0.0096 0.0189 0.0147 0.0246 0.0123 0.0249 0.0237 0.0055 0.0126 0.0220 0.0043 0.0246 0.0084      A      2      3      4      5      6      7      8      9      T      J      Q      K
9, A 0.1354 0.2309 0.2275 0.2024 0.2468 0.2276 0.2453 0.2331 0.1840 0.1725 0.1835 0.1842 0.1924
9, 2 0.0734 0.1444 0.1448 0.1420 0.1791 0.1691 0.1758 0.1772 0.1624 0.0982 0.1392 0.1025 0.1178
9, 3 0.0830 0.1216 0.1793 0.1627 0.1556 0.1301 0.1284 0.1328 0.1202 0.1201 0.0945 0.0959 0.1193
9, 4 0.0540 0.0757 0.1072 0.1226 0.1111 0.1170 0.0985 0.1255 0.1239 0.0896 0.0793 0.0745 0.0577
9, 5 0.0489 0.0820 0.0681 0.0739 0.0724 0.0976 0.0968 0.0996 0.0829 0.0903 0.0861 0.0995 0.0871
9, 6 0.0427 0.0578 0.0700 0.0565 0.0768 0.0712 0.0626 0.0769 0.0400 0.0446 0.0578 0.0680 0.0837
9, 7 0.0209 0.0469 0.0592 0.0421 0.0485 0.0587 0.0447 0.0556 0.0487 0.0461 0.0399 0.0532 0.0321
9, 8 0.0290 0.0286 0.0334 0.0327 0.0297 0.0390 0.0315 0.0301 0.0282 0.0345 0.0289 0.0281 0.0175
9, 9 0.0027 0.0106 0.0194 0.0083 0.0057 0.0078 0.0249 0.0084 0.0209 0.0369 0.0107 0.0201 0.0243
9, T 0.0021 0.0000 0.0080 0.0042 0.0020 0.0062 0.0000 0.0045 0.0053 0.0108 0.0061 0.0020 0.0079
9, J 0.0000 0.0060 0.0022 0.0085 0.0081 0.0066 0.0000 0.0000 0.0054 0.0060 0.0000 0.0042 0.0060
9, Q 0.0000 0.0128 0.0062 0.0039 0.0021 0.0085 0.0022 0.0045 0.0122 0.0039 0.0000 0.0026 0.0000
9, K 0.0000 0.0039 0.0000 0.0045 0.0067 0.0020 0.0043 0.0020 0.0028 0.0000 0.0000 0.0040 0.0028      A      2      3      4      5      6      7      8      9      T      J      Q      K
T, A 0.0955 0.1686 0.1583 0.1690 0.1382 0.1487 0.1809 0.1552 0.1505 0.1197 0.1056 0.1146 0.1170
T, 2 0.0737 0.1379 0.1324 0.1265 0.1252 0.1127 0.1486 0.1377 0.1021 0.0929 0.1011 0.1189 0.0941
T, 3 0.0583 0.0787 0.0944 0.0937 0.0846 0.0964 0.1392 0.1013 0.1072 0.0992 0.0967 0.0735 0.0939
T, 4 0.0449 0.0763 0.0870 0.0924 0.0799 0.0737 0.0901 0.0869 0.0542 0.0652 0.0483 0.0573 0.0866
T, 5 0.0286 0.0527 0.0443 0.0633 0.0691 0.0481 0.0610 0.0686 0.0615 0.0743 0.0809 0.0600 0.0539
T, 6 0.0346 0.0490 0.0370 0.0462 0.0421 0.0573 0.0387 0.0504 0.0531 0.0375 0.0408 0.0387 0.0580
T, 7 0.0233 0.0230 0.0207 0.0326 0.0338 0.0258 0.0296 0.0418 0.0179 0.0117 0.0356 0.0144 0.0173
T, 8 0.0118 0.0149 0.0111 0.0137 0.0163 0.0223 0.0168 0.0122 0.0167 0.0107 0.0117 0.0108 0.0151
T, 9 0.0000 0.0021 0.0000 0.0057 0.0021 0.0124 0.0043 0.0059 0.0028 0.0053 0.0110 0.0000 0.0099
T, T 0.0000 0.0000 0.0000 0.0000 0.0000 0.0000 0.0000 0.0000 0.0000 0.0000 0.0000 0.0000 0.0000
T, J 0.0000 0.0000 0.0000 0.0000 0.0000 0.0000 0.0000 0.0000 0.0000 0.0000 0.0000 0.0000 0.0000
T, Q 0.0000 0.0000 0.0000 0.0000 0.0000 0.0000 0.0000 0.0000 0.0000 0.0000 0.0000 0.0000 0.0000
T, K 0.0000 0.0000 0.0000 0.0000 0.0000 0.0000 0.0000 0.0000 0.0000 0.0000 0.0000 0.0000 0.0000      A      2      3      4      5      6      7      8      9      T      J      Q      K
J, A 0.1114 0.1357 0.1560 0.1453 0.1656 0.1487 0.1768 0.1584 0.1638 0.1201 0.1376 0.1310 0.1290
J, 2 0.0474 0.0984 0.1365 0.1306 0.1268 0.1364 0.1268 0.1414 0.1491 0.0880 0.0889 0.1130 0.1000
J, 3 0.0481 0.0905 0.0836 0.0894 0.1320 0.1093 0.1148 0.1202 0.1077 0.0779 0.0938 0.1034 0.0902
J, 4 0.0408 0.0634 0.1089 0.0997 0.0929 0.0941 0.0933 0.0824 0.0800 0.0815 0.0685 0.0621 0.0746
J, 5 0.0286 0.0506 0.0706 0.0524 0.0521 0.0726 0.0726 0.0643 0.0570 0.0462 0.0597 0.0615 0.0474
J, 6 0.0292 0.0408 0.0377 0.0559 0.0469 0.0544 0.0339 0.0564 0.0570 0.0484 0.0443 0.0336 0.0351
J, 7 0.0157 0.0191 0.0435 0.0193 0.0241 0.0327 0.0242 0.0262 0.0291 0.0459 0.0289 0.0253 0.0147
J, 8 0.0063 0.0043 0.0303 0.0081 0.0189 0.0153 0.0145 0.0272 0.0212 0.0102 0.0196 0.0153 0.0127
J, 9 0.0060 0.0000 0.0000 0.0000 0.0000 0.0064 0.0076 0.0069 0.0027 0.0039 0.0027 0.0063 0.0063
J, T 0.0000 0.0000 0.0000 0.0000 0.0000 0.0000 0.0000 0.0000 0.0000 0.0000 0.0000 0.0000 0.0000
J, J 0.0000 0.0000 0.0000 0.0000 0.0000 0.0000 0.0000 0.0000 0.0000 0.0000 0.0000 0.0000 0.0000
J, Q 0.0000 0.0000 0.0000 0.0000 0.0000 0.0000 0.0000 0.0000 0.0000 0.0000 0.0000 0.0000 0.0000
J, K 0.0000 0.0000 0.0000 0.0000 0.0000 0.0000 0.0000 0.0000 0.0000 0.0000 0.0000 0.0000 0.0000      A      2      3      4      5      6      7      8      9      T      J      Q      K
Q, A 0.0791 0.1423 0.1413 0.1411 0.1824 0.1650 0.1404 0.1228 0.1226 0.1319 0.1295 0.1153 0.1379
Q, 2 0.0631 0.1257 0.1111 0.1360 0.1228 0.1302 0.1389 0.1413 0.1449 0.1186 0.1044 0.1140 0.1101
Q, 3 0.0606 0.0902 0.1086 0.1252 0.0969 0.1084 0.1073 0.1167 0.1085 0.1019 0.0808 0.0597 0.0797
Q, 4 0.0420 0.0523 0.0737 0.0831 0.0754 0.1132 0.0940 0.0862 0.0700 0.0769 0.0637 0.0565 0.0593
Q, 5 0.0339 0.0373 0.0631 0.0454 0.0812 0.0679 0.0549 0.0656 0.0680 0.0608 0.0768 0.0631 0.0541
Q, 6 0.0371 0.0538 0.0367 0.0545 0.0482 0.0349 0.0545 0.0557 0.0495 0.0423 0.0503 0.0372 0.0431
Q, 7 0.0130 0.0305 0.0240 0.0484 0.0466 0.0189 0.0333 0.0305 0.0536 0.0183 0.0370 0.0227 0.0194
Q, 8 0.0020 0.0199 0.0106 0.0103 0.0148 0.0099 0.0125 0.0157 0.0228 0.0021 0.0246 0.0222 0.0165
Q, 9 0.0000 0.0079 0.0040 0.0042 0.0062 0.0084 0.0104 0.0063 0.0000 0.0042 0.0000 0.0080 0.0022
Q, T 0.0000 0.0000 0.0000 0.0000 0.0000 0.0000 0.0000 0.0000 0.0000 0.0000 0.0000 0.0000 0.0000
Q, J 0.0000 0.0000 0.0000 0.0000 0.0000 0.0000 0.0000 0.0000 0.0000 0.0000 0.0000 0.0000 0.0000
Q, Q 0.0000 0.0000 0.0000 0.0000 0.0000 0.0000 0.0000 0.0000 0.0000 0.0000 0.0000 0.0000 0.0000
Q, K 0.0000 0.0000 0.0000 0.0000 0.0000 0.0000 0.0000 0.0000 0.0000 0.0000 0.0000 0.0000 0.0000      A      2      3      4      5      6      7      8      9      T      J      Q      K
K, A 0.0719 0.1551 0.1663 0.1402 0.2000 0.1468 0.1963 0.1572 0.1455 0.1288 0.1352 0.1435 0.1320
K, 2 0.0676 0.1302 0.1592 0.1234 0.1155 0.1320 0.1515 0.1408 0.1273 0.1250 0.1143 0.0986 0.1102
K, 3 0.0658 0.0905 0.1026 0.0946 0.1082 0.1052 0.0783 0.0992 0.1344 0.0779 0.0857 0.0779 0.0797
K, 4 0.0488 0.0668 0.0968 0.0812 0.0898 0.0970 0.0793 0.0492 0.0838 0.0842 0.0896 0.0557 0.0675
K, 5 0.0274 0.0575 0.0692 0.0612 0.0767 0.0845 0.0535 0.0776 0.0814 0.0426 0.0470 0.0464 0.0649
K, 6 0.0167 0.0503 0.0369 0.0377 0.0437 0.0457 0.0694 0.0665 0.0569 0.0387 0.0474 0.0518 0.0436
K, 7 0.0062 0.0191 0.0340 0.0397 0.0389 0.0255 0.0323 0.0277 0.0350 0.0185 0.0329 0.0256 0.0216
K, 8 0.0000 0.0181 0.0216 0.0105 0.0248 0.0103 0.0194 0.0241 0.0183 0.0308 0.0101 0.0083 0.0052
K, 9 0.0000 0.0000 0.0045 0.0044 0.0060 0.0021 0.0087 0.0065 0.0028 0.0043 0.0061 0.0041 0.0081
K, T 0.0000 0.0000 0.0000 0.0000 0.0000 0.0000 0.0000 0.0000 0.0000 0.0000 0.0000 0.0000 0.0000
K, J 0.0000 0.0000 0.0000 0.0000 0.0000 0.0000 0.0000 0.0000 0.0000 0.0000 0.0000 0.0000 0.0000
K, Q 0.0000 0.0000 0.0000 0.0000 0.0000 0.0000 0.0000 0.0000 0.0000 0.0000 0.0000 0.0000 0.0000
K, K 0.0000 0.0000 0.0000 0.0000 0.0000 0.0000 0.0000 0.0000 0.0000 0.0000 0.0000 0.0000 0.0000