	      A      2      3      4      5      6      7      8      9      T      J      Q      K
A, A 0.2429 0.4561 0.4576 0.4778 0.5289 0.5000 0.4184 0.4132 0.3691 0.3178 0.3504 0.3521 0.3229
A, 2 0.2122 0.4357 0.3719 0.4822 0.4705 0.4640 0.4082 0.3925 0.3949 0.3025 0.3055 0.3054 0.3491
A, 3 0.1994 0.4167 0.4726 0.4347 0.4280 0.4545 0.4110 0.3709 0.3268 0.3381 0.2676 0.3177 0.3097
A, 4 0.1941 0.4239 0.3960 0.4286 0.3797 0.4156 0.4042 0.3533 0.3258 0.3174 0.3085 0.2934 0.2689
A, 5 0.1862 0.3669 0.3536 0.3634 0.4000 0.4208 0.4212 0.3380 0.3340 0.2895 0.2714 0.2698 0.2801
A, 6 0.1686 0.3218 0.3253 0.3441 0.3950 0.3932 0.3502 0.3321 0.3116 0.2619 0.2579 0.2479 0.2443
A, 7 0.1361 0.2970 0.2966 0.2893 0.3319 0.3499 0.3499 0.3429 0.2801 0.2563 0.2338 0.2373 0.2511
A, 8 0.1515 0.2495 0.2474 0.2782 0.2455 0.2688 0.2619 0.2180 0.2058 0.2306 0.2363 0.2252 0.1840
A, 9 0.1098 0.1900 0.2269 0.2096 0.2254 0.2440 0.2257 0.1860 0.2114 0.1667 0.1764 0.1649 0.1594
A, T 0.1136 0.1470 0.1508 0.1557 0.1845 0.1457 0.1566 0.1519 0.1448 0.1271 0.1342 0.1290 0.1460
A, J 0.0855 0.1437 0.1240 0.1460 0.1561 0.1696 0.1611 0.1679 0.1777 0.1214 0.1233 0.1321 0.1307
A, Q 0.0907 0.1537 0.1641 0.1515 0.1833 0.1704 0.2042 0.1722 0.1272 0.1364 0.1126 0.1039 0.1584
A, K 0.0989 0.1206 0.1330 0.1729 0.1391 0.1531 0.1856 0.1581 0.1607 0.1553 0.1155 0.1663 0.1173      A      2      3      4      5      6      7      8      9      T      J      Q      K
2, A 0.1854 0.4390 0.4352 0.4371 0.4553 0.5098 0.4584 0.3868 0.3534 0.3333 0.3388 0.3179 0.2947
2, 2 0.2082 0.3924 0.4017 0.3973 0.4444 0.4803 0.3890 0.3354 0.3372 0.2784 0.2890 0.2904 0.2533
2, 3 0.1896 0.3853 0.4032 0.4375 0.4236 0.4286 0.4066 0.3381 0.3268 0.2826 0.2319 0.2240 0.2545
2, 4 0.1716 0.3342 0.3093 0.3522 0.4013 0.4049 0.3438 0.3427 0.2863 0.2551 0.2629 0.2422 0.2844
2, 5 0.1576 0.3029 0.3640 0.3383 0.3198 0.3533 0.3610 0.3566 0.2809 0.2449 0.2909 0.2860 0.2250
2, 6 0.1657 0.3128 0.2991 0.3124 0.3462 0.3543 0.3113 0.3196 0.2542 0.2419 0.2293 0.2388 0.2434
2, 7 0.1442 0.2287 0.2629 0.2769 0.2710 0.2886 0.2493 0.2764 0.2768 0.2166 0.2290 0.2222 0.2210
2, 8 0.0900 0.1846 0.2045 0.2136 0.2531 0.2510 0.2339 0.2418 0.2055 0.1699 0.1901 0.1876 0.1657
2, 9 0.0772 0.1501 0.1616 0.1874 0.1431 0.1860 0.1786 0.1462 0.1477 0.1288 0.1242 0.1165 0.1399
2, T 0.0664 0.1114 0.1407 0.1476 0.1632 0.1232 0.1342 0.1293 0.1118 0.1161 0.0981 0.1059 0.1127
2, J 0.0635 0.0855 0.1414 0.1260 0.1351 0.1468 0.1765 0.1298 0.1070 0.0956 0.1034 0.0822 0.1063
2, Q 0.0713 0.1086 0.1145 0.1432 0.1471 0.1474 0.1719 0.1329 0.1364 0.1053 0.0882 0.0904 0.1082
2, K 0.0702 0.1158 0.1221 0.1258 0.1277 0.1342 0.1268 0.1293 0.1231 0.1288 0.0962 0.1193 0.1003      A      2      3      4      5      6      7      8      9      T      J      Q      K
3, A 0.1773 0.4062 0.4613 0.5169 0.4419 0.4874 0.4142 0.4257 0.3434 0.3295 0.3218 0.3163 0.3192
3, 2 0.1952 0.3771 0.3852 0.3786 0.4389 0.4026 0.3829 0.3015 0.3013 0.2680 0.2708 0.2918 0.2539
3, 3 0.1922 0.3509 0.3526 0.3472 0.3881 0.4033 0.3817 0.3360 0.2958 0.2459 0.2919 0.2448 0.3023
3, 4 0.1877 0.3035 0.3333 0.3198 0.3636 0.3412 0.3532 0.3175 0.2877 0.2534 0.2525 0.2345 0.2132
3, 5 0.2117 0.3119 0.3034 0.3394 0.3280 0.3407 0.3107 0.3065 0.2660 0.2318 0.1911 0.2485 0.2349
3, 6 0.1231 0.2186 0.2695 0.2866 0.2887 0.3385 0.3232 0.2659 0.2234 0.2144 0.1996 0.2094 0.2144
3, 7 0.0850 0.2056 0.2305 0.2287 0.2016 0.2406 0.2017 0.2317 0.2137 0.1653 0.1652 0.1850 0.1557
3, 8 0.0751 0.1317 0.1165 0.1479 0.1683 0.1423 0.1526 0.1108 0.1329 0.1139 0.1186 0.1316 0.1318
3, 9 0.0964 0.1414 0.1176 0.1273 0.1460 0.1252 0.1357 0.0994 0.0933 0.0876 0.1016 0.1223 0.1087
3, T 0.0602 0.0835 0.1227 0.1090 0.1131 0.1223 0.1277 0.1339 0.1017 0.0579 0.0959 0.0905 0.0905
3, J 0.0600 0.0877 0.1029 0.1146 0.1013 0.1026 0.1135 0.1184 0.0701 0.0943 0.0931 0.0975 0.0874
3, Q 0.0532 0.0743 0.1077 0.1073 0.1326 0.1111 0.1000 0.1145 0.1067 0.0998 0.0630 0.1003 0.0979
3, K 0.0535 0.1250 0.1108 0.0823 0.1102 0.0941 0.1180 0.1094 0.0918 0.0752 0.0936 0.0768 0.0678      A      2      3      4      5      6      7      8      9      T      J      Q      K
4, A 0.2098 0.3964 0.4126 0.4214 0.4103 0.4212 0.4182 0.3737 0.3226 0.3019 0.3114 0.2308 0.3258
4, 2 0.1650 0.3135 0.3679 0.3846 0.4077 0.4004 0.3753 0.3243 0.3064 0.2395 0.2679 0.2625 0.2500
4, 3 0.2123 0.3352 0.3146 0.3034 0.3586 0.3681 0.3585 0.3333 0.2921 0.2585 0.2523 0.2982 0.2434
4, 4 0.1829 0.2655 0.3125 0.2709 0.3275 0.3639 0.3704 0.3243 0.2923 0.2267 0.1780 0.2396 0.2304
4, 5 0.1615 0.2267 0.2631 0.2378 0.2768 0.3252 0.2517 0.2889 0.2234 0.1996 0.1966 0.2004 0.2260
4, 6 0.1055 0.2236 0.2064 0.2062 0.2752 0.2252 0.2077 0.2043 0.2000 0.1636 0.1702 0.1583 0.1483
4, 7 0.0849 0.1426 0.1663 0.1577 0.1756 0.1677 0.1569 0.1240 0.1109 0.1002 0.1351 0.1219 0.1202
4, 8 0.0724 0.1232 0.1302 0.1199 0.1352 0.1518 0.1420 0.1235 0.1104 0.1004 0.0915 0.0962 0.1167
4, 9 0.0442 0.1084 0.0852 0.0897 0.1275 0.1429 0.1353 0.1043 0.1114 0.0856 0.0944 0.0811 0.1083
4, T 0.0455 0.0661 0.0855 0.0532 0.1208 0.1024 0.0758 0.0987 0.0802 0.0974 0.0806 0.0902 0.0733
4, J 0.0524 0.0439 0.0686 0.0631 0.1008 0.0935 0.1179 0.1247 0.0867 0.0744 0.0700 0.0607 0.0803
4, Q 0.0451 0.0832 0.0653 0.0678 0.0987 0.0843 0.0821 0.1068 0.0647 0.0850 0.0871 0.0870 0.0867
4, K 0.0397 0.0717 0.0756 0.0609 0.0946 0.0924 0.1226 0.0926 0.0919 0.0903 0.0533 0.0688 0.0829      A      2      3      4      5      6      7      8      9      T      J      Q      K
5, A 0.1884 0.3292 0.3478 0.4054 0.4065 0.4008 0.3529 0.3374 0.2961 0.2777 0.2807 0.2795 0.2650
5, 2 0.1562 0.3450 0.2710 0.3506 0.3801 0.3899 0.3702 0.3254 0.3033 0.2421 0.2705 0.2495 0.2727
5, 3 0.1723 0.3099 0.3130 0.3143 0.3436 0.3237 0.3192 0.2924 0.2374 0.2248 0.2279 0.2418 0.2020
5, 4 0.1521 0.2587 0.2404 0.2447 0.2819 0.3128 0.2971 0.2610 0.2748 0.2101 0.2490 0.2211 0.2286
5, 5 0.1289 0.1948 0.2430 0.2175 0.2663 0.2546 0.2081 0.2112 0.2016 0.1957 0.1849 0.1530 0.1758
5, 6 0.0873 0.1671 0.1220 0.1878 0.1484 0.1791 0.1456 0.1572 0.1282 0.1170 0.1263 0.1032 0.1229
5, 7 0.0592 0.1429 0.1142 0.1239 0.1288 0.1316 0.1389 0.1320 0.1096 0.0911 0.1071 0.1170 0.0971
5, 8 0.0635 0.0905 0.1058 0.0835 0.0682 0.1120 0.1305 0.1351 0.1065 0.0758 0.0765 0.0890 0.0988
5, 9 0.0556 0.0909 0.0617 0.0878 0.0732 0.1000 0.1165 0.0849 0.0807 0.0707 0.0868 0.0688 0.0680
5, T 0.0312 0.0515 0.0459 0.0708 0.0674 0.0688 0.0726 0.0775 0.0756 0.0678 0.0512 0.0396 0.0615
5, J 0.0351 0.0500 0.0563 0.0691 0.0550 0.0648 0.0727 0.0581 0.0568 0.0503 0.0501 0.0624 0.0604
5, Q 0.0433 0.0585 0.0678 0.0833 0.0595 0.0964 0.0685 0.0851 0.0624 0.0523 0.0686 0.0442 0.0503
5, K 0.0346 0.0573 0.0641 0.0665 0.0665 0.0857 0.0668 0.0744 0.0594 0.0527 0.0662 0.0641 0.0661      A      2      3      4      5      6      7      8      9      T      J      Q      K
6, A 0.2056 0.3499 0.3431 0.3505 0.3523 0.4266 0.3740 0.3195 0.3072 0.2797 0.2452 0.2553 0.2557
6, 2 0.1733 0.2681 0.3214 0.3268 0.3347 0.3383 0.2987 0.2894 0.2636 0.2427 0.2254 0.2442 0.2390
6, 3 0.1515 0.2747 0.2797 0.2549 0.2239 0.2898 0.2934 0.2210 0.2547 0.2114 0.2144 0.2080 0.1921
6, 4 0.1056 0.2185 0.2398 0.2633 0.2442 0.2117 0.2364 0.2283 0.2125 0.1879 0.1429 0.1797 0.1837
6, 5 0.0802 0.1630 0.1850 0.1906 0.1711 0.1472 0.1532 0.1289 0.1351 0.1337 0.1199 0.0970 0.1283
6, 6 0.0630 0.1324 0.1213 0.0773 0.1469 0.1330 0.1307 0.1264 0.1320 0.1043 0.1162 0.1060 0.0997
6, 7 0.0685 0.1120 0.0740 0.1181 0.1393 0.1042 0.1339 0.1104 0.0923 0.0853 0.1044 0.0757 0.0809
6, 8 0.0564 0.0786 0.0946 0.0837 0.0760 0.0877 0.1195 0.0984 0.0814 0.0769 0.0871 0.0558 0.0764
6, 9 0.0403 0.0588 0.0717 0.0576 0.0626 0.0667 0.0839 0.0771 0.0815 0.0576 0.0527 0.0565 0.0628
6, T 0.0240 0.0403 0.0444 0.0524 0.0401 0.0625 0.0400 0.0435 0.0603 0.0253 0.0449 0.0181 0.0385
6, J 0.0143 0.0437 0.0346 0.0351 0.0473 0.0419 0.0570 0.0559 0.0453 0.0469 0.0293 0.0447 0.0315
6, Q 0.0375 0.0391 0.0385 0.0536 0.0377 0.0426 0.0587 0.0490 0.0634 0.0283 0.0353 0.0457 0.0479
6, K 0.0266 0.0542 0.0381 0.0392 0.0485 0.0312 0.0562 0.0577 0.0410 0.0418 0.0414 0.0380 0.0403      A      2      3      4      5      6      7      8      9      T      J      Q      K
7, A 0.1500 0.3157 0.3424 0.3276 0.3247 0.3513 0.3230 0.3222 0.2558 0.2500 0.2693 0.2489 0.2373
7, 2 0.1602 0.2273 0.2661 0.2768 0.2930 0.2405 0.2514 0.2557 0.2255 0.1920 0.2170 0.1894 0.1965
7, 3 0.1049 0.1992 0.2507 0.2304 0.2155 0.2134 0.2086 0.2305 0.2074 0.1594 0.1520 0.1846 0.1562
7, 4 0.0699 0.1365 0.1535 0.1801 0.1461 0.1789 0.1488 0.1147 0.1415 0.1316 0.1107 0.1076 0.0963
7, 5 0.0675 0.0939 0.1135 0.1309 0.1730 0.1327 0.1471 0.1118 0.1464 0.1082 0.0971 0.1222 0.1125
7, 6 0.0694 0.1022 0.1078 0.1240 0.1119 0.1296 0.1186 0.1242 0.1176 0.1143 0.0854 0.0720 0.0972
7, 7 0.0577 0.1087 0.1153 0.0667 0.0693 0.0909 0.1373 0.0871 0.1035 0.0612 0.0687 0.0702 0.0426
7, 8 0.0404 0.0505 0.0637 0.0725 0.0653 0.0685 0.0671 0.0919 0.0625 0.0531 0.0568 0.0497 0.0412
7, 9 0.0188 0.0399 0.0415 0.0376 0.0509 0.0664 0.0637 0.0597 0.0507 0.0521 0.0464 0.0559 0.0300
7, T 0.0125 0.0328 0.0291 0.0469 0.0323 0.0401 0.0345 0.0240 0.0208 0.0327 0.0297 0.0264 0.0237
7, J 0.0099 0.0350 0.0263 0.0166 0.0273 0.0264 0.0277 0.0394 0.0154 0.0404 0.0267 0.0378 0.0120
7, Q 0.0135 0.0303 0.0361 0.0227 0.0301 0.0328 0.0397 0.0234 0.0296 0.0200 0.0209 0.0169 0.0285
7, K 0.0151 0.0224 0.0220 0.0390 0.0338 0.0275 0.0602 0.0189 0.0342 0.0192 0.0234 0.0231 0.0183      A      2      3      4      5      6      7      8      9      T      J      Q      K
8, A 0.1145 0.2227 0.2645 0.3296 0.3060 0.2543 0.2720 0.2684 0.2317 0.1885 0.2243 0.2099 0.2164
8, 2 0.0905 0.2473 0.2060 0.2234 0.2186 0.2708 0.2598 0.2074 0.1983 0.1924 0.1633 0.1569 0.1758
8, 3 0.0825 0.1492 0.1621 0.1709 0.1643 0.1650 0.1688 0.1781 0.1284 0.1359 0.1184 0.1631 0.1199
8, 4 0.0626 0.0958 0.1407 0.1096 0.1106 0.1407 0.1253 0.1086 0.1485 0.1150 0.0766 0.0795 0.1021
8, 5 0.0660 0.1172 0.1064 0.1175 0.1264 0.1168 0.1198 0.1277 0.1097 0.0902 0.0854 0.0764 0.0685
8, 6 0.0395 0.0719 0.1031 0.0936 0.0877 0.0978 0.1087 0.0901 0.0798 0.0810 0.0796 0.0761 0.0775
8, 7 0.0324 0.0731 0.0714 0.0732 0.0931 0.0758 0.0683 0.0826 0.0591 0.0477 0.0550 0.0466 0.0596
8, 8 0.0241 0.0362 0.0585 0.0838 0.0356 0.0332 0.0342 0.0374 0.0244 0.0227 0.0402 0.0466 0.0389
8, 9 0.0082 0.0229 0.0337 0.0341 0.0340 0.0241 0.0374 0.0301 0.0464 0.0260 0.0236 0.0168 0.0227
8, T 0.0101 0.0173 0.0267 0.0202 0.0180 0.0152 0.0127 0.0186 0.0223 0.0267 0.0136 0.0140 0.0256
8, J 0.0064 0.0066 0.0092 0.0185 0.0083 0.0143 0.0188 0.0143 0.0115 0.0103 0.0187 0.0149 0.0190
8, Q 0.0020 0.0152 0.0151 0.0216 0.0208 0.0189 0.0155 0.0079 0.0214 0.0267 0.0099 0.0108 0.0164
8, K 0.0043 0.0079 0.0077 0.0168 0.0040 0.0140 0.0170 0.0213 0.0235 0.0179 0.0109 0.0127 0.0143      A      2      3      4      5      6      7      8      9      T      J      Q      K
9, A 0.0997 0.2138 0.1983 0.2025 0.2588 0.2515 0.2396 0.1864 0.2091 0.1636 0.1667 0.1809 0.1996
9, 2 0.0917 0.1706 0.1336 0.1342 0.1229 0.1524 0.1709 0.1426 0.1108 0.1247 0.1263 0.1216 0.1087
9, 3 0.0830 0.1286 0.1503 0.1050 0.1214 0.1631 0.1610 0.1400 0.1103 0.1302 0.0907 0.0947 0.0802
9, 4 0.0524 0.0859 0.0959 0.0947 0.0949 0.1068 0.1107 0.1026 0.1034 0.0994 0.0983 0.0939 0.0813
9, 5 0.0420 0.0713 0.0869 0.1008 0.0899 0.0949 0.0964 0.0652 0.0815 0.0858 0.0619 0.0670 0.0473
9, 6 0.0433 0.0625 0.0736 0.0615 0.0768 0.0681 0.0547 0.0744 0.0516 0.0479 0.0725 0.0714 0.0547
9, 7 0.0314 0.0241 0.0615 0.0375 0.0443 0.0633 0.0559 0.0421 0.0401 0.0552 0.0439 0.0324 0.0358
9, 8 0.0165 0.0308 0.0333 0.0232 0.0282 0.0323 0.0277 0.0289 0.0260 0.0374 0.0244 0.0258 0.0216
9, 9 0.0084 0.0052 0.0150 0.0133 0.0153 0.0389 0.0169 0.0165 0.0169 0.0080 0.0155 0.0218 0.0127
9, T 0.0000 0.0042 0.0040 0.0058 0.0108 0.0084 0.0088 0.0043 0.0028 0.0029 0.0040 0.0019 0.0044
9, J 0.0000 0.0018 0.0021 0.0082 0.0000 0.0042 0.0022 0.0040 0.0027 0.0020 0.0079 0.0042 0.0061
9, Q 0.0000 0.0043 0.0042 0.0038 0.0042 0.0063 0.0103 0.0067 0.0029 0.0039 0.0082 0.0052 0.0083
9, K 0.0000 0.0000 0.0040 0.0039 0.0064 0.0020 0.0065 0.0082 0.0000 0.0020 0.0058 0.0046 0.0054      A      2      3      4      5      6      7      8      9      T      J      Q      K
T, A 0.0819 0.1335 0.1523 0.1482 0.1902 0.1660 0.1788 0.1547 0.1590 0.0900 0.1374 0.1341 0.1122
T, 2 0.0651 0.0907 0.1233 0.1375 0.1178 0.1438 0.1491 0.1475 0.1437 0.1155 0.1163 0.1037 0.1026
T, 3 0.0481 0.1022 0.1275 0.1242 0.1215 0.0939 0.1118 0.1208 0.1228 0.0930 0.0879 0.0801 0.0911
T, 4 0.0552 0.0827 0.0652 0.0699 0.0800 0.0679 0.1053 0.0835 0.0668 0.0769 0.0773 0.0771 0.0707
T, 5 0.0412 0.0674 0.0828 0.0557 0.0822 0.0677 0.0890 0.0626 0.0583 0.0673 0.0579 0.0681 0.0690
T, 6 0.0264 0.0489 0.0403 0.0565 0.0434 0.0430 0.0389 0.0444 0.0491 0.0419 0.0379 0.0337 0.0395
T, 7 0.0081 0.0252 0.0311 0.0398 0.0174 0.0192 0.0221 0.0366 0.0443 0.0361 0.0216 0.0141 0.0109
T, 8 0.0045 0.0082 0.0178 0.0103 0.0211 0.0132 0.0169 0.0198 0.0179 0.0108 0.0240 0.0086 0.0142
T, 9 0.0020 0.0074 0.0039 0.0108 0.0042 0.0021 0.0108 0.0000 0.0027 0.0058 0.0085 0.0000 0.0106
T, T 0.0000 0.0000 0.0000 0.0000 0.0000 0.0000 0.0000 0.0000 0.0000 0.0000 0.0000 0.0000 0.0000
T, J 0.0000 0.0000 0.0000 0.0000 0.0000 0.0000 0.0000 0.0000 0.0000 0.0000 0.0000 0.0000 0.0000
T, Q 0.0000 0.0000 0.0000 0.0000 0.0000 0.0000 0.0000 0.0000 0.0000 0.0000 0.0000 0.0000 0.0000
T, K 0.0000 0.0000 0.0000 0.0000 0.0000 0.0000 0.0000 0.0000 0.0000 0.0000 0.0000 0.0000 0.0000      A      2      3      4      5      6      7      8      9      T      J      Q      K
J, A 0.0891 0.1517 0.1778 0.1550 0.2085 0.1708 0.1643 0.1535 0.1314 0.1447 0.1577 0.0972 0.1309
J, 2 0.0599 0.1271 0.1208 0.1054 0.1256 0.1481 0.1590 0.1200 0.1250 0.0922 0.0938 0.1325 0.0817
J, 3 0.0749 0.0828 0.1013 0.1002 0.1172 0.1083 0.1380 0.1172 0.0970 0.0978 0.0663 0.0845 0.0731
J, 4 0.0476 0.0919 0.0593 0.0995 0.0825 0.0926 0.0704 0.0832 0.1081 0.0714 0.0935 0.0792 0.0461
J, 5 0.0352 0.0609 0.0644 0.0549 0.0691 0.0668 0.0657 0.0865 0.0744 0.0590 0.0554 0.0610 0.0615
J, 6 0.0250 0.0438 0.0373 0.0623 0.0370 0.0485 0.0488 0.0692 0.0514 0.0410 0.0376 0.0313 0.0510
J, 7 0.0060 0.0459 0.0237 0.0254 0.0227 0.0286 0.0302 0.0297 0.0231 0.0368 0.0208 0.0389 0.0480
J, 8 0.0041 0.0141 0.0147 0.0169 0.0267 0.0203 0.0206 0.0251 0.0256 0.0158 0.0087 0.0101 0.0098
J, 9 0.0042 0.0063 0.0019 0.0063 0.0062 0.0043 0.0020 0.0020 0.0079 0.0063 0.0057 0.0105 0.0021
J, T 0.0000 0.0000 0.0000 0.0000 0.0000 0.0000 0.0000 0.0000 0.0000 0.0000 0.0000 0.0000 0.0000
J, J 0.0000 0.0000 0.0000 0.0000 0.0000 0.0000 0.0000 0.0000 0.0000 0.0000 0.0000 0.0000 0.0000
J, Q 0.0000 0.0000 0.0000 0.0000 0.0000 0.0000 0.0000 0.0000 0.0000 0.0000 0.0000 0.0000 0.0000
J, K 0.0000 0.0000 0.0000 0.0000 0.0000 0.0000 0.0000 0.0000 0.0000 0.0000 0.0000 0.0000 0.0000      A      2      3      4      5      6      7      8      9      T      J      Q      K
Q, A 0.0989 0.1681 0.1453 0.1605 0.1967 0.1674 0.1434 0.1443 0.1537 0.1165 0.1322 0.1214 0.1381
Q, 2 0.0948 0.0997 0.1371 0.1167 0.1440 0.1417 0.1247 0.1667 0.1193 0.0806 0.1272 0.0952 0.1211
Q, 3 0.0554 0.0903 0.0737 0.1116 0.1141 0.1118 0.0939 0.1225 0.1147 0.0645 0.0996 0.0717 0.0791
Q, 4 0.0365 0.0920 0.0893 0.0632 0.1096 0.0846 0.0906 0.0866 0.0788 0.0711 0.0784 0.0710 0.0835
Q, 5 0.0390 0.0551 0.0573 0.0632 0.0949 0.0543 0.0610 0.0710 0.0767 0.0523 0.0535 0.0446 0.0557
Q, 6 0.0226 0.0629 0.0490 0.0575 0.0619 0.0849 0.0536 0.0621 0.0532 0.0348 0.0414 0.0446 0.0435
Q, 7 0.0175 0.0331 0.0472 0.0353 0.0257 0.0201 0.0305 0.0309 0.0353 0.0220 0.0196 0.0306 0.0313
Q, 8 0.0044 0.0108 0.0240 0.0100 0.0146 0.0238 0.0227 0.0232 0.0085 0.0066 0.0058 0.0089 0.0064
Q, 9 0.0045 0.0020 0.0023 0.0059 0.0055 0.0041 0.0059 0.0019 0.0052 0.0022 0.0043 0.0028 0.0022
Q, T 0.0000 0.0000 0.0000 0.0000 0.0000 0.0000 0.0000 0.0000 0.0000 0.0000 0.0000 0.0000 0.0000
Q, J 0.0000 0.0000 0.0000 0.0000 0.0000 0.0000 0.0000 0.0000 0.0000 0.0000 0.0000 0.0000 0.0000
Q, Q 0.0000 0.0000 0.0000 0.0000 0.0000 0.0000 0.0000 0.0000 0.0000 0.0000 0.0000 0.0000 0.0000
Q, K 0.0000 0.0000 0.0000 0.0000 0.0000 0.0000 0.0000 0.0000 0.0000 0.0000 0.0000 0.0000 0.0000      A      2      3      4      5      6      7      8      9      T      J      Q      K
K, A 0.1000 0.1569 0.1854 0.1367 0.1494 0.1808 0.1749 0.1556 0.1462 0.1215 0.1460 0.1464 0.1268
K, 2 0.0814 0.1296 0.1339 0.1164 0.1417 0.1370 0.1332 0.1302 0.0987 0.1096 0.1212 0.0842 0.1080
K, 3 0.0558 0.0816 0.0866 0.0868 0.1107 0.1201 0.0956 0.1107 0.1201 0.1150 0.1059 0.0979 0.0846
K, 4 0.0477 0.0948 0.1000 0.0848 0.0857 0.0894 0.0979 0.0985 0.0982 0.0847 0.0656 0.0694 0.0720
K, 5 0.0478 0.0527 0.0499 0.0687 0.0743 0.0779 0.0625 0.0643 0.0497 0.0663 0.0508 0.0554 0.0363
K, 6 0.0273 0.0524 0.0575 0.0541 0.0601 0.0427 0.0504 0.0613 0.0547 0.0497 0.0313 0.0408 0.0334
K, 7 0.0224 0.0233 0.0280 0.0351 0.0355 0.0195 0.0451 0.0171 0.0258 0.0413 0.0263 0.0198 0.0267
K, 8 0.0021 0.0102 0.0123 0.0185 0.0082 0.0120 0.0084 0.0060 0.0064 0.0126 0.0291 0.0198 0.0077
K, 9 0.0000 0.0000 0.0000 0.0041 0.0041 0.0087 0.0039 0.0065 0.0000 0.0100 0.0081 0.0021 0.0028
K, T 0.0000 0.0000 0.0000 0.0000 0.0000 0.0000 0.0000 0.0000 0.0000 0.0000 0.0000 0.0000 0.0000
K, J 0.0000 0.0000 0.0000 0.0000 0.0000 0.0000 0.0000 0.0000 0.0000 0.0000 0.0000 0.0000 0.0000
K, Q 0.0000 0.0000 0.0000 0.0000 0.0000 0.0000 0.0000 0.0000 0.0000 0.0000 0.0000 0.0000 0.0000
K, K 0.0000 0.0000 0.0000 0.0000 0.0000 0.0000 0.0000 0.0000 0.0000 0.0000 0.0000 0.0000 0.0000