	      A      2      3      4      5      6      7      8      9      T      J      Q      K
A, A 0.2376 0.4329 0.5212 0.5606 0.5663 0.5653 0.4353 0.3970 0.3760 0.3370 0.3225 0.3260 0.3040
A, 2 0.1748 0.5063 0.4793 0.4606 0.4859 0.4952 0.4302 0.3573 0.3738 0.3063 0.3435 0.3556 0.3453
A, 3 0.1877 0.4852 0.5014 0.5159 0.5290 0.5323 0.4440 0.3879 0.3621 0.3266 0.3300 0.3074 0.3184
A, 4 0.1935 0.4622 0.4749 0.5463 0.4858 0.5321 0.4177 0.4139 0.3684 0.3392 0.3505 0.3340 0.3183
A, 5 0.2542 0.4524 0.4820 0.4708 0.4942 0.5251 0.4292 0.3664 0.3661 0.3553 0.3185 0.3052 0.3000
A, 6 0.2388 0.4643 0.4969 0.5061 0.5528 0.4802 0.4371 0.3520 0.3522 0.3433 0.3433 0.3490 0.3029
A, 7 0.2685 0.5246 0.5318 0.5255 0.5120 0.5634 0.5109 0.4496 0.4312 0.3537 0.3371 0.3677 0.3401
A, 8 0.2896 0.5301 0.5327 0.5457 0.5855 0.5942 0.5038 0.5249 0.3858 0.3828 0.3825 0.3564 0.3704
A, 9 0.3307 0.5935 0.5401 0.5895 0.5830 0.5978 0.5781 0.5276 0.4679 0.4136 0.3976 0.4316 0.3909
A, T 0.3512 0.5651 0.5915 0.5996 0.6233 0.6723 0.5602 0.5578 0.4968 0.4413 0.4592 0.4895 0.4454
A, J 0.3504 0.5896 0.6004 0.5899 0.6036 0.6313 0.5781 0.5267 0.5388 0.4829 0.4621 0.4405 0.4592
A, Q 0.4106 0.5987 0.5794 0.6111 0.6788 0.6301 0.5751 0.5594 0.4904 0.4620 0.4581 0.5061 0.4878
A, K 0.3343 0.5811 0.5895 0.6152 0.6320 0.6152 0.5705 0.5625 0.4817 0.4841 0.4590 0.4858 0.4485
	      A      2      3      4      5      6      7      8      9      T      J      Q      K
2, A 0.2130 0.4789 0.4967 0.4727 0.5031 0.5300 0.3965 0.4031 0.3664 0.3517 0.3333 0.3279 0.3198
2, 2 0.1131 0.3193 0.3972 0.3995 0.4187 0.4473 0.2650 0.2730 0.2104 0.1738 0.2010 0.1886 0.1871
2, 3 0.1431 0.3798 0.4028 0.4289 0.4886 0.4349 0.2993 0.2270 0.2424 0.2222 0.2036 0.2041 0.1806
2, 4 0.1070 0.3455 0.3532 0.4162 0.4058 0.4474 0.2546 0.2711 0.2265 0.2342 0.1762 0.1988 0.1956
2, 5 0.1016 0.3463 0.4401 0.4247 0.4441 0.4553 0.2811 0.2717 0.2339 0.2004 0.1992 0.1908 0.2533
2, 6 0.1895 0.4041 0.4478 0.4473 0.5157 0.4942 0.4378 0.3305 0.2727 0.2443 0.2733 0.2442 0.2319
2, 7 0.2383 0.4746 0.5398 0.5837 0.5211 0.5676 0.5069 0.4583 0.3640 0.3319 0.2981 0.3252 0.2924
2, 8 0.2955 0.5815 0.5734 0.6366 0.5965 0.6019 0.5987 0.5441 0.5327 0.4183 0.4238 0.3812 0.3980
2, 9 0.3139 0.5722 0.6230 0.6339 0.6211 0.6746 0.5528 0.5859 0.5078 0.4635 0.4978 0.4277 0.4814
2, T 0.1983 0.3506 0.3494 0.3547 0.3821 0.3874 0.3676 0.3007 0.2627 0.2594 0.2808 0.2869 0.2539
2, J 0.2267 0.2995 0.3722 0.4053 0.4057 0.3703 0.3676 0.2902 0.2561 0.2894 0.2591 0.2816 0.2552
2, Q 0.1640 0.3792 0.3659 0.3730 0.3881 0.3681 0.3534 0.3179 0.2934 0.2668 0.2857 0.2450 0.2757
2, K 0.1893 0.3475 0.3672 0.3964 0.3551 0.3519 0.3531 0.3534 0.2526 0.2786 0.2673 0.2722 0.2878
	      A      2      3      4      5      6      7      8      9      T      J      Q      K
3, A 0.2222 0.4881 0.4762 0.5118 0.5259 0.5265 0.4114 0.4247 0.3526 0.3241 0.3417 0.3327 0.3404
3, 2 0.1381 0.3545 0.3827 0.4197 0.4533 0.4459 0.2754 0.2665 0.2326 0.2238 0.2346 0.2485 0.1835
3, 3 0.1293 0.3353 0.3730 0.4536 0.4877 0.4039 0.2784 0.2614 0.2308 0.2303 0.2167 0.1712 0.1910
3, 4 0.1402 0.3919 0.4326 0.3826 0.4637 0.4483 0.2965 0.2257 0.2355 0.1930 0.2243 0.2267 0.2141
3, 5 0.1629 0.3888 0.4555 0.4447 0.5962 0.4957 0.4088 0.2893 0.2725 0.2126 0.2447 0.2842 0.2633
3, 6 0.2091 0.5172 0.4875 0.5962 0.5567 0.5082 0.4902 0.4679 0.3246 0.3142 0.3206 0.3153 0.2937
3, 7 0.3313 0.5122 0.6061 0.6236 0.6094 0.6353 0.6361 0.5586 0.5039 0.4098 0.4359 0.4124 0.3989
3, 8 0.3816 0.5991 0.6199 0.6399 0.6304 0.6646 0.5155 0.5201 0.4906 0.4664 0.4825 0.4688 0.4617
3, 9 0.1730 0.3562 0.3652 0.3604 0.3733 0.3889 0.3145 0.3253 0.2320 0.2641 0.2411 0.2495 0.2495
3, T 0.1426 0.3392 0.3277 0.3606 0.3937 0.3559 0.2925 0.3110 0.2661 0.2189 0.2242 0.2462 0.2348
3, J 0.1719 0.3040 0.3824 0.3199 0.3858 0.3526 0.3431 0.3273 0.2619 0.2464 0.2291 0.2374 0.2479
3, Q 0.1900 0.3173 0.3386 0.3619 0.3762 0.3523 0.3244 0.2846 0.2921 0.2358 0.2436 0.2197 0.2360
3, K 0.1992 0.3118 0.3229 0.3279 0.3426 0.3769 0.3110 0.3018 0.2791 0.2357 0.2779 0.2801 0.2507
	      A      2      3      4      5      6      7      8      9      T      J      Q      K
4, A 0.1968 0.4738 0.4961 0.4492 0.5129 0.5081 0.3946 0.4116 0.3410 0.3491 0.3372 0.3359 0.3182
4, 2 0.1072 0.3287 0.3459 0.4370 0.4447 0.4417 0.2715 0.2510 0.2500 0.2243 0.1975 0.2106 0.2040
4, 3 0.1265 0.3851 0.4092 0.4728 0.4507 0.4161 0.2996 0.2461 0.2222 0.2096 0.2215 0.2022 0.2292
4, 4 0.1633 0.3958 0.3970 0.5000 0.5335 0.5000 0.4457 0.3175 0.2968 0.2500 0.3064 0.2807 0.2412
4, 5 0.2213 0.5241 0.5030 0.5064 0.5117 0.5669 0.5194 0.4609 0.3868 0.3264 0.3242 0.3804 0.2947
4, 6 0.2851 0.5860 0.5662 0.6376 0.6119 0.6288 0.5682 0.5207 0.4939 0.4428 0.4025 0.4206 0.3860
4, 7 0.3709 0.5916 0.5947 0.6412 0.6245 0.6496 0.5581 0.5537 0.5148 0.4875 0.4795 0.4815 0.4885
4, 8 0.1681 0.3366 0.3646 0.3634 0.3468 0.3927 0.3119 0.2729 0.2437 0.2399 0.2649 0.2239 0.2293
4, 9 0.1717 0.3571 0.3610 0.3939 0.3298 0.3864 0.2667 0.2959 0.2911 0.2419 0.2766 0.2415 0.2432
4, T 0.1522 0.2860 0.2868 0.3025 0.3427 0.3164 0.3022 0.2576 0.2325 0.2202 0.2540 0.2244 0.2120
4, J 0.1435 0.2831 0.2799 0.2894 0.3051 0.3271 0.2971 0.2984 0.2794 0.2537 0.1921 0.1854 0.2545
4, Q 0.1518 0.2554 0.2905 0.2755 0.3062 0.3023 0.3368 0.2610 0.2429 0.2474 0.2427 0.1937 0.2075
4, K 0.1546 0.2542 0.2812 0.3071 0.3082 0.3054 0.3082 0.2679 0.2519 0.2200 0.2084 0.2191 0.2095
	      A      2      3      4      5      6      7      8      9      T      J      Q      K
5, A 0.2147 0.4678 0.4894 0.5117 0.4861 0.5380 0.4198 0.3666 0.3778 0.3271 0.3354 0.2722 0.3289
5, 2 0.1286 0.3382 0.3912 0.4012 0.3918 0.4353 0.2752 0.2604 0.2330 0.2354 0.2357 0.2024 0.2340
5, 3 0.1687 0.4197 0.4367 0.4923 0.5057 0.5188 0.4058 0.3401 0.2957 0.2709 0.2459 0.2451 0.2516
5, 4 0.2478 0.4449 0.5351 0.5238 0.6021 0.5700 0.5509 0.4664 0.3954 0.3224 0.3411 0.3075 0.2857
5, 5 0.3049 0.6034 0.6511 0.5659 0.6966 0.6760 0.5872 0.5442 0.5369 0.3870 0.3852 0.3510 0.3878
5, 6 0.3360 0.6213 0.6101 0.6250 0.6684 0.6451 0.6139 0.5654 0.4883 0.4939 0.4365 0.4199 0.4654
5, 7 0.1746 0.3371 0.3747 0.4070 0.3547 0.4110 0.3520 0.2877 0.2663 0.2539 0.2344 0.2526 0.2176
5, 8 0.1474 0.2926 0.3020 0.3313 0.3245 0.3676 0.2906 0.2299 0.2744 0.2286 0.2167 0.2137 0.2192
5, 9 0.1455 0.2875 0.2985 0.3411 0.3493 0.3004 0.3290 0.2704 0.2436 0.2554 0.1921 0.1935 0.2190
5, T 0.1406 0.2398 0.2589 0.2614 0.2738 0.2520 0.2894 0.2602 0.2167 0.2270 0.1908 0.2056 0.1957
5, J 0.1426 0.2694 0.2571 0.2345 0.2953 0.2782 0.2824 0.2720 0.2342 0.1956 0.1957 0.1996 0.2150
5, Q 0.1508 0.2542 0.2593 0.2881 0.2654 0.2769 0.2892 0.2888 0.2362 0.1981 0.2045 0.2083 0.2222
5, K 0.1366 0.2616 0.2358 0.2415 0.2190 0.2805 0.2928 0.2494 0.2611 0.1912 0.1732 0.2081 0.2226
	      A      2      3      4      5      6      7      8      9      T      J      Q      K
6, A 0.2082 0.4842 0.5028 0.5181 0.5708 0.5187 0.4141 0.4018 0.3536 0.2975 0.2904 0.3223 0.3248
6, 2 0.1940 0.4377 0.4382 0.4608 0.5237 0.5139 0.4327 0.3333 0.2707 0.2416 0.2671 0.2665 0.2571
6, 3 0.2264 0.4745 0.5203 0.5310 0.5553 0.6103 0.5010 0.4708 0.3932 0.3498 0.2996 0.3347 0.3488
6, 4 0.3222 0.5856 0.5923 0.5755 0.5918 0.6536 0.5931 0.5430 0.4603 0.3735 0.4410 0.4195 0.4035
6, 5 0.3518 0.6093 0.6189 0.6296 0.6648 0.6334 0.5730 0.5661 0.5071 0.4991 0.4607 0.4529 0.4469
6, 6 0.2051 0.3730 0.3269 0.3668 0.4088 0.3889 0.3289 0.3316 0.2712 0.2484 0.2143 0.2312 0.2513
6, 7 0.1481 0.3260 0.3149 0.3604 0.3333 0.3577 0.2919 0.2703 0.2081 0.2265 0.2047 0.1885 0.2361
6, 8 0.1759 0.2767 0.3087 0.2798 0.3266 0.2845 0.2940 0.2703 0.2122 0.2141 0.2023 0.2115 0.2304
6, 9 0.1162 0.2490 0.2451 0.2490 0.2653 0.2987 0.2766 0.2198 0.2190 0.2305 0.1942 0.1732 0.1836
6, T 0.1716 0.2063 0.2544 0.2295 0.3015 0.3342 0.2254 0.2476 0.2511 0.1959 0.2335 0.2048 0.2129
6, J 0.1652 0.2144 0.2952 0.2364 0.2589 0.2795 0.2640 0.2637 0.2116 0.2215 0.1709 0.2016 0.1849
6, Q 0.1396 0.2408 0.2580 0.2625 0.2537 0.2800 0.2373 0.2389 0.2116 0.2008 0.1686 0.1573 0.2067
6, K 0.1349 0.2425 0.2593 0.1988 0.2662 0.3027 0.3398 0.2753 0.2039 0.2092 0.2041 0.2280 0.2310
	      A      2      3      4      5      6      7      8      9      T      J      Q      K
7, A 0.2191 0.5350 0.5080 0.5630 0.5229 0.5378 0.5410 0.4318 0.3921 0.3604 0.3633 0.3587 0.3348
7, 2 0.2227 0.4432 0.4831 0.4990 0.5466 0.5699 0.5431 0.4029 0.3438 0.3059 0.3574 0.3033 0.2834
7, 3 0.2905 0.5601 0.5994 0.6112 0.6230 0.5887 0.5671 0.5373 0.5132 0.4286 0.4440 0.4027 0.4016
7, 4 0.3388 0.6201 0.6382 0.6290 0.6349 0.6401 0.5742 0.5310 0.5052 0.4679 0.4765 0.4376 0.4237
7, 5 0.1835 0.3160 0.3454 0.4108 0.3763 0.4037 0.3438 0.2462 0.2589 0.2505 0.2532 0.2765 0.2215
7, 6 0.1742 0.3059 0.2930 0.3165 0.3504 0.3054 0.3123 0.2490 0.2551 0.2290 0.2082 0.2319 0.2640
7, 7 0.1250 0.2622 0.2507 0.2765 0.2846 0.2665 0.2586 0.2623 0.2246 0.2148 0.2185 0.2153 0.1930
7, 8 0.1804 0.3083 0.2980 0.2902 0.2851 0.2878 0.2803 0.2760 0.2326 0.2140 0.2366 0.2129 0.2072
7, 9 0.1510 0.2563 0.2276 0.2530 0.2608 0.2615 0.3179 0.2598 0.2273 0.2000 0.1974 0.1805 0.1782
7, T 0.1288 0.2337 0.2239 0.2195 0.2681 0.2479 0.2465 0.2098 0.2072 0.1437 0.1846 0.1543 0.1836
7, J 0.1504 0.2096 0.2365 0.2107 0.2062 0.2131 0.3324 0.2119 0.1912 0.1822 0.1850 0.1723 0.1835
7, Q 0.1469 0.2311 0.2270 0.2055 0.2521 0.2150 0.3238 0.2611 0.2403 0.1838 0.1614 0.1858 0.1875
7, K 0.1325 0.2181 0.2274 0.2303 0.2127 0.2411 0.2512 0.2713 0.1839 0.2166 0.1608 0.2239 0.1799
	      A      2      3      4      5      6      7      8      9      T      J      Q      K
8, A 0.2563 0.5380 0.5734 0.5228 0.5824 0.6168 0.5527 0.5174 0.4156 0.3862 0.4020 0.3794 0.3687
8, 2 0.3036 0.5864 0.6184 0.6154 0.6078 0.5733 0.5840 0.5304 0.5171 0.3769 0.4609 0.4227 0.4064
8, 3 0.3792 0.5511 0.6048 0.6258 0.6376 0.6441 0.5871 0.5486 0.5469 0.4342 0.4097 0.4861 0.4745
8, 4 0.1967 0.3369 0.3633 0.3883 0.3814 0.3923 0.3333 0.2874 0.2369 0.2500 0.2632 0.2663 0.2357
8, 5 0.1761 0.3374 0.3464 0.3527 0.3900 0.3402 0.2812 0.2599 0.2576 0.2004 0.2122 0.2500 0.1883
8, 6 0.1615 0.2685 0.2747 0.3529 0.2965 0.3391 0.2743 0.2709 0.2266 0.1992 0.2360 0.2183 0.2180
8, 7 0.1886 0.2941 0.2905 0.3069 0.2931 0.2577 0.3120 0.2873 0.2485 0.2261 0.2089 0.2353 0.1986
8, 8 0.1543 0.2282 0.2635 0.2351 0.1971 0.3079 0.2385 0.2552 0.2156 0.2133 0.2012 0.1775 0.2131
8, 9 0.1625 0.2046 0.2320 0.1885 0.2231 0.2390 0.2495 0.2081 0.2045 0.1987 0.1947 0.1561 0.1691
8, T 0.1146 0.1718 0.1578 0.1987 0.1722 0.2048 0.1740 0.1813 0.1913 0.1633 0.1346 0.1598 0.1826
8, J 0.1097 0.1779 0.1698 0.1795 0.1885 0.2012 0.2167 0.1844 0.2037 0.1740 0.1658 0.1737 0.1567
8, Q 0.0978 0.1673 0.1826 0.1690 0.1883 0.2254 0.1538 0.2239 0.2111 0.1748 0.1437 0.1500 0.1610
8, K 0.1193 0.1543 0.1804 0.2162 0.1787 0.2213 0.2212 0.2034 0.1835 0.1309 0.1462 0.1756 0.1615
	      A      2      3      4      5      6      7      8      9      T      J      Q      K
9, A 0.3271 0.5146 0.5947 0.5493 0.6226 0.5819 0.5625 0.5229 0.4943 0.4172 0.4012 0.4204 0.3581
9, 2 0.3662 0.6213 0.6390 0.6052 0.5895 0.6608 0.5701 0.5257 0.5169 0.4323 0.4352 0.4958 0.4513
9, 3 0.1647 0.3266 0.3757 0.3493 0.3860 0.3798 0.3504 0.3010 0.2703 0.2371 0.2459 0.2519 0.2452
9, 4 0.1935 0.3429 0.3085 0.3739 0.3863 0.3313 0.3341 0.3042 0.2507 0.2368 0.2404 0.2396 0.2479
9, 5 0.1606 0.3295 0.2884 0.3534 0.3315 0.3431 0.2980 0.2866 0.3036 0.2140 0.2200 0.1791 0.2389
9, 6 0.1377 0.2153 0.2770 0.2624 0.2851 0.2487 0.2874 0.2689 0.2700 0.1893 0.1938 0.2117 0.1733
9, 7 0.1638 0.2500 0.2820 0.2269 0.2314 0.2603 0.2779 0.2877 0.2273 0.1959 0.2078 0.1903 0.1951
9, 8 0.1250 0.2026 0.2451 0.1988 0.2052 0.2329 0.2598 0.2529 0.2069 0.1779 0.2100 0.1663 0.1488
9, 9 0.1278 0.1787 0.1540 0.1881 0.1622 0.2032 0.2253 0.2436 0.1415 0.1447 0.1536 0.1509 0.1316
9, T 0.0616 0.0938 0.1447 0.1352 0.1578 0.1420 0.1326 0.1304 0.1476 0.1324 0.1089 0.1019 0.1365
9, J 0.0714 0.1311 0.1602 0.1432 0.1197 0.1322 0.1523 0.1443 0.1197 0.1387 0.1167 0.1332 0.0913
9, Q 0.1002 0.1116 0.1335 0.1535 0.1086 0.1347 0.1574 0.1524 0.1134 0.1245 0.1128 0.1342 0.1268
9, K 0.0844 0.1114 0.1350 0.1417 0.1282 0.1197 0.1529 0.1491 0.1383 0.1398 0.1162 0.1356 0.1082
	      A      2      3      4      5      6      7      8      9      T      J      Q      K
T, A 0.3307 0.5892 0.6004 0.5996 0.6065 0.6338 0.5700 0.5327 0.5309 0.4309 0.4608 0.4329 0.4704
T, 2 0.1580 0.3557 0.3740 0.3962 0.4157 0.4233 0.3919 0.3382 0.2930 0.2744 0.1996 0.2712 0.2317
T, 3 0.1869 0.3462 0.3189 0.3326 0.3347 0.3543 0.3002 0.2633 0.2781 0.2033 0.2495 0.2479 0.2213
T, 4 0.1610 0.2817 0.2402 0.3120 0.3784 0.3412 0.2847 0.2823 0.2799 0.2222 0.2268 0.2261 0.2229
T, 5 0.1328 0.2573 0.2703 0.2744 0.2821 0.2383 0.3086 0.2375 0.2566 0.2479 0.2365 0.1802 0.2008
T, 6 0.1630 0.2587 0.2309 0.2531 0.2367 0.2636 0.2835 0.2335 0.2300 0.1707 0.1956 0.1965 0.2115
T, 7 0.1280 0.1857 0.1816 0.2042 0.2786 0.2425 0.2651 0.2368 0.2027 0.1963 0.1730 0.1886 0.1954
T, 8 0.1145 0.1854 0.1735 0.1806 0.1745 0.1747 0.2012 0.2201 0.1480 0.1648 0.1792 0.1335 0.1375
T, 9 0.0736 0.1191 0.1344 0.1460 0.1465 0.1529 0.1308 0.1347 0.1684 0.1274 0.1091 0.1179 0.0926
T, T 0.0194 0.0714 0.0608 0.0667 0.0538 0.0699 0.0778 0.0685 0.0707 0.1179 0.0599 0.0943 0.0712
T, J 0.0458 0.0730 0.0753 0.0746 0.0752 0.0625 0.0972 0.0745 0.0653 0.0676 0.0642 0.0771 0.0682
T, Q 0.0424 0.0694 0.0737 0.0653 0.0583 0.0708 0.0680 0.0768 0.0707 0.0730 0.0733 0.0670 0.0833
T, K 0.0434 0.0776 0.0750 0.0702 0.0756 0.0681 0.0874 0.0728 0.0843 0.0504 0.0639 0.0665 0.0831
	      A      2      3      4      5      6      7      8      9      T      J      Q      K
J, A 0.3622 0.5951 0.6216 0.6378 0.6189 0.6819 0.5390 0.5696 0.5033 0.4637 0.4928 0.4832 0.4544
J, 2 0.1737 0.3119 0.4052 0.3948 0.3885 0.4017 0.3579 0.3173 0.2785 0.2539 0.2978 0.2818 0.2335
J, 3 0.1540 0.3092 0.3371 0.3673 0.3436 0.3430 0.2935 0.2738 0.2627 0.2417 0.2582 0.2192 0.2573
J, 4 0.1489 0.3179 0.2984 0.3220 0.3537 0.3021 0.2729 0.2797 0.2435 0.2402 0.2575 0.2222 0.1930
J, 5 0.1622 0.2936 0.2799 0.2733 0.2539 0.2622 0.3071 0.2395 0.2179 0.2000 0.1786 0.1959 0.2189
J, 6 0.1360 0.2460 0.2750 0.2480 0.2396 0.2749 0.2932 0.2548 0.2347 0.2080 0.2151 0.1731 0.2201
J, 7 0.1482 0.2316 0.2108 0.1996 0.2166 0.2302 0.2758 0.2712 0.2227 0.2057 0.2160 0.2042 0.1494
J, 8 0.0886 0.1747 0.1750 0.1894 0.1830 0.2254 0.1979 0.1920 0.1618 0.1545 0.1810 0.1543 0.1481
J, 9 0.0867 0.1149 0.1331 0.1277 0.1445 0.1553 0.1391 0.1537 0.1157 0.1224 0.0914 0.1235 0.1092
J, T 0.0401 0.0891 0.0881 0.0600 0.0489 0.0793 0.0794 0.0607 0.0934 0.0950 0.0784 0.0787 0.0753
J, J 0.0328 0.1042 0.0889 0.0634 0.0955 0.0912 0.0817 0.0922 0.0986 0.0749 0.0977 0.0817 0.1129
J, Q 0.0326 0.0558 0.0759 0.0616 0.0685 0.0667 0.0896 0.0667 0.0525 0.0759 0.0797 0.0888 0.0853
J, K 0.0369 0.0802 0.0640 0.0738 0.0673 0.0742 0.0771 0.0864 0.0760 0.1016 0.0565 0.0798 0.0633
	      A      2      3      4      5      6      7      8      9      T      J      Q      K
Q, A 0.3584 0.5865 0.6141 0.6279 0.6298 0.6304 0.5439 0.5408 0.5301 0.4747 0.4714 0.4637 0.4489
Q, 2 0.1828 0.3333 0.3800 0.3669 0.3383 0.3887 0.3353 0.3398 0.2651 0.2336 0.2565 0.2928 0.2378
Q, 3 0.1657 0.3234 0.3280 0.3543 0.3392 0.3553 0.3141 0.2890 0.2975 0.2684 0.2695 0.2314 0.2056
Q, 4 0.1721 0.2946 0.2967 0.3019 0.2974 0.3136 0.3139 0.2981 0.2449 0.2210 0.1935 0.2067 0.2439
Q, 5 0.1313 0.2469 0.2888 0.2679 0.2864 0.3048 0.2844 0.2236 0.2356 0.2079 0.1743 0.2123 0.2225
Q, 6 0.1423 0.2925 0.2280 0.2376 0.2788 0.2991 0.2698 0.2438 0.2206 0.1960 0.2079 0.2318 0.2025
Q, 7 0.1435 0.2238 0.1673 0.2144 0.2034 0.2473 0.2378 0.2277 0.2029 0.1765 0.1789 0.1681 0.1506
Q, 8 0.1159 0.1345 0.2096 0.1837 0.1955 0.2284 0.2220 0.1725 0.1802 0.1714 0.1592 0.2029 0.1486
Q, 9 0.0785 0.1361 0.1121 0.1153 0.1347 0.1396 0.1556 0.1441 0.1569 0.1265 0.1285 0.1312 0.1234
Q, T 0.0364 0.0724 0.0744 0.0737 0.0602 0.0803 0.0461 0.0826 0.0695 0.0831 0.0875 0.0600 0.0621
Q, J 0.0531 0.0609 0.0579 0.0779 0.0755 0.0851 0.0957 0.0740 0.0820 0.0810 0.0812 0.0683 0.0440
Q, Q 0.0277 0.0536 0.0899 0.0944 0.1091 0.0726 0.0712 0.0698 0.0645 0.0924 0.0780 0.0811 0.0688
Q, K 0.0385 0.0746 0.0688 0.0735 0.0591 0.0724 0.0512 0.1022 0.0650 0.0597 0.0904 0.0750 0.0456
	      A      2      3      4      5      6      7      8      9      T      J      Q      K
K, A 0.3479 0.5736 0.6157 0.5812 0.6250 0.6004 0.6079 0.5738 0.5162 0.5172 0.4634 0.4710 0.5086
K, 2 0.1683 0.3028 0.3793 0.3955 0.3992 0.4209 0.3127 0.3177 0.3007 0.2950 0.2834 0.2453 0.2249
K, 3 0.1701 0.3288 0.3487 0.3248 0.3333 0.3625 0.3248 0.2971 0.2854 0.2468 0.2651 0.2291 0.2462
K, 4 0.1768 0.2833 0.2729 0.2936 0.3658 0.3716 0.2981 0.2757 0.2322 0.2650 0.2479 0.2138 0.2163
K, 5 0.2274 0.2495 0.2718 0.2484 0.2925 0.3124 0.2874 0.2843 0.2264 0.2069 0.2097 0.2049 0.1901
K, 6 0.1895 0.2469 0.2222 0.2524 0.2552 0.2625 0.2780 0.2530 0.2802 0.1897 0.2143 0.1858 0.1956
K, 7 0.1159 0.2320 0.1879 0.2225 0.2101 0.2505 0.2636 0.2434 0.1885 0.1967 0.1922 0.1478 0.2123
K, 8 0.1525 0.1806 0.1628 0.1789 0.2004 0.1848 0.2144 0.1967 0.1705 0.1601 0.1777 0.1432 0.1420
K, 9 0.0990 0.1296 0.1385 0.1150 0.1297 0.1340 0.1962 0.1499 0.1470 0.1339 0.1206 0.1088 0.0870
K, T 0.0357 0.0506 0.0839 0.0523 0.0660 0.0779 0.0734 0.0922 0.0845 0.0674 0.0720 0.0961 0.0724
K, J 0.0321 0.0569 0.0713 0.0844 0.0757 0.0854 0.0886 0.0739 0.0763 0.0761 0.0517 0.0594 0.0783
K, Q 0.0519 0.0527 0.0657 0.0525 0.0897 0.0525 0.0992 0.0823 0.0879 0.0496 0.0609 0.0761 0.0611
K, K 0.0436 0.0740 0.0434 0.0702 0.0622 0.0581 0.0950 0.0812 0.0896 0.0568 0.0726 0.0597 0.1091
