	      A      2      3      4      5      6      7      8      9      T      J      Q      K
A, A 0.1294 0.3639 0.3846 0.3912 0.4108 0.4848 0.2678 0.2529 0.2443 0.2334 0.2308 0.2691 0.2545
A, 2 0.1100 0.3647 0.3667 0.3949 0.4116 0.4492 0.2733 0.2659 0.2112 0.2262 0.2119 0.2115 0.2339
A, 3 0.1207 0.3673 0.3834 0.3736 0.4646 0.4061 0.2336 0.2347 0.1996 0.2260 0.2438 0.2161 0.2156
A, 4 0.1141 0.3708 0.3929 0.4000 0.4344 0.4695 0.2572 0.2247 0.2237 0.2137 0.2324 0.2051 0.2275
A, 5 0.1063 0.3404 0.3750 0.4147 0.4362 0.4504 0.2848 0.2551 0.1972 0.2108 0.2115 0.2059 0.2442
A, 6 0.1306 0.3491 0.4160 0.4173 0.4405 0.4225 0.2766 0.2232 0.2169 0.2269 0.2583 0.1949 0.2158
A, 7 0.2582 0.5228 0.4990 0.5316 0.5617 0.5817 0.6158 0.3450 0.3894 0.3152 0.3021 0.3405 0.3081
A, 8 0.3977 0.6694 0.6523 0.6364 0.6824 0.6561 0.7578 0.7523 0.4433 0.4153 0.4297 0.4388 0.3935
A, 9 0.5151 0.7715 0.7506 0.7675 0.8084 0.8042 0.8633 0.8806 0.8688 0.5851 0.5196 0.5383 0.5492
A, T 0.6409 0.8816 0.8922 0.8763 0.9036 0.8976 0.8912 0.9165 0.9498 0.8946 0.8998 0.8971 0.8874
A, J 0.6078 0.8953 0.8929 0.8808 0.8849 0.9091 0.9046 0.9273 0.9521 0.8792 0.9217 0.9150 0.9039
A, Q 0.6497 0.8561 0.8887 0.8987 0.8833 0.8863 0.9186 0.9067 0.9293 0.9018 0.8668 0.9174 0.8994
A, K 0.6518 0.8850 0.8765 0.9030 0.8840 0.8932 0.9244 0.9231 0.9458 0.8825 0.8742 0.8960 0.8978
	      A      2      3      4      5      6      7      8      9      T      J      Q      K
2, A 0.1401 0.3670 0.3874 0.3768 0.4490 0.4529 0.2478 0.2410 0.2404 0.2042 0.1871 0.2190 0.2252
2, 2 0.1098 0.3702 0.3686 0.4068 0.4615 0.4497 0.2638 0.2513 0.2295 0.2137 0.2342 0.2179 0.2204
2, 3 0.1263 0.3436 0.4476 0.4295 0.4196 0.4419 0.2907 0.2516 0.2482 0.2043 0.2100 0.1684 0.2378
2, 4 0.0979 0.3159 0.3529 0.4086 0.4335 0.4844 0.2934 0.2545 0.2616 0.1698 0.2347 0.2078 0.2052
2, 5 0.1265 0.3731 0.3841 0.4360 0.4569 0.4660 0.2545 0.2511 0.2505 0.1982 0.1922 0.2254 0.2326
2, 6 0.1239 0.3773 0.3960 0.4129 0.4340 0.4274 0.2510 0.2483 0.2729 0.2294 0.2030 0.1771 0.1700
2, 7 0.1423 0.3626 0.3882 0.3914 0.4094 0.4143 0.2616 0.2186 0.2327 0.2298 0.2314 0.2201 0.2183
2, 8 0.1211 0.3451 0.4124 0.3996 0.4147 0.3968 0.2676 0.2187 0.2600 0.2172 0.1865 0.2138 0.2287
2, 9 0.1031 0.3571 0.3879 0.3846 0.4079 0.4114 0.2541 0.2531 0.1978 0.2284 0.2260 0.2255 0.1968
2, T 0.1333 0.3440 0.3970 0.3617 0.4183 0.3792 0.2626 0.2589 0.2610 0.2074 0.2137 0.1783 0.2097
2, J 0.1111 0.3434 0.3918 0.3667 0.4511 0.4407 0.2549 0.2357 0.2749 0.2516 0.1880 0.2073 0.2102
2, Q 0.1082 0.3248 0.4012 0.4205 0.4475 0.4408 0.2618 0.2088 0.2355 0.2161 0.2236 0.2400 0.2020
2, K 0.1073 0.3418 0.3955 0.4414 0.4409 0.4418 0.2803 0.2423 0.2569 0.1991 0.2175 0.1931 0.1808
	      A      2      3      4      5      6      7      8      9      T      J      Q      K
3, A 0.0991 0.3819 0.3447 0.4021 0.4269 0.4221 0.2527 0.2451 0.2059 0.1929 0.2553 0.2289 0.2179
3, 2 0.1214 0.3372 0.4294 0.3658 0.4895 0.4979 0.2500 0.2301 0.2426 0.2406 0.1922 0.1888 0.1829
3, 3 0.1243 0.3657 0.3563 0.4048 0.4349 0.3874 0.2906 0.2396 0.2038 0.2064 0.2062 0.2165 0.2101
3, 4 0.1032 0.3800 0.3314 0.3947 0.4303 0.4581 0.2700 0.2516 0.2495 0.2186 0.2131 0.1935 0.2113
3, 5 0.1250 0.3789 0.3509 0.4170 0.4459 0.3904 0.3013 0.2389 0.2281 0.1906 0.2225 0.2304 0.1996
3, 6 0.1153 0.3658 0.3975 0.3893 0.4283 0.4355 0.2710 0.2439 0.2485 0.2182 0.1938 0.2278 0.2298
3, 7 0.1159 0.3890 0.3467 0.4310 0.4095 0.4079 0.2310 0.2376 0.2194 0.2220 0.2542 0.2135 0.2136
3, 8 0.1260 0.3790 0.3736 0.4124 0.4259 0.4654 0.2809 0.2022 0.2283 0.1545 0.2277 0.1952 0.2311
3, 9 0.1303 0.3731 0.3983 0.4482 0.4632 0.4126 0.2237 0.2330 0.2323 0.2096 0.2253 0.2146 0.2138
3, T 0.0941 0.2946 0.4238 0.4008 0.4303 0.4497 0.2564 0.2342 0.2500 0.2556 0.2133 0.2274 0.2165
3, J 0.1284 0.3363 0.3343 0.3866 0.4260 0.4098 0.2758 0.2329 0.2413 0.2000 0.2319 0.2107 0.2348
3, Q 0.1294 0.3504 0.3438 0.4162 0.4320 0.4494 0.2860 0.2727 0.2275 0.2078 0.2168 0.2192 0.2254
3, K 0.1183 0.3194 0.3873 0.3652 0.4563 0.4435 0.2645 0.2358 0.2073 0.2137 0.2233 0.2137 0.1990
	      A      2      3      4      5      6      7      8      9      T      J      Q      K
4, A 0.0989 0.3734 0.4134 0.4266 0.4590 0.4271 0.2752 0.2781 0.2207 0.1983 0.1952 0.1958 0.2123
4, 2 0.0859 0.4011 0.3882 0.4194 0.4526 0.4625 0.2540 0.2606 0.2613 0.1811 0.1746 0.1871 0.1868
4, 3 0.1493 0.3691 0.3926 0.4404 0.4781 0.4570 0.2700 0.2558 0.1691 0.2152 0.1734 0.1670 0.2147
4, 4 0.1128 0.3797 0.3718 0.4503 0.4646 0.4286 0.2919 0.2328 0.2529 0.2027 0.2246 0.1896 0.2409
4, 5 0.0930 0.3431 0.4148 0.3754 0.4613 0.4317 0.3004 0.2152 0.1923 0.2157 0.1979 0.2216 0.2328
4, 6 0.1432 0.3732 0.3644 0.4419 0.4795 0.4605 0.2675 0.2174 0.2137 0.2059 0.1949 0.1922 0.2200
4, 7 0.1111 0.3524 0.3961 0.3494 0.4201 0.4466 0.2800 0.1935 0.2220 0.2349 0.2039 0.2464 0.2268
4, 8 0.1058 0.3588 0.4050 0.4104 0.4740 0.4420 0.2505 0.2267 0.2418 0.2143 0.1933 0.1741 0.2016
4, 9 0.1245 0.3675 0.3729 0.3757 0.4381 0.4191 0.2625 0.2421 0.2448 0.2197 0.1883 0.2464 0.2538
4, T 0.1101 0.3563 0.4130 0.3722 0.4538 0.4269 0.2359 0.2141 0.2234 0.2199 0.2025 0.2018 0.2295
4, J 0.1151 0.3340 0.3710 0.3644 0.4687 0.4067 0.2898 0.2077 0.2259 0.2062 0.2162 0.1778 0.2316
4, Q 0.1033 0.3454 0.3851 0.3907 0.4051 0.3979 0.2467 0.2004 0.2058 0.2088 0.1818 0.2032 0.2012
4, K 0.1113 0.3825 0.3745 0.4355 0.4510 0.4396 0.2408 0.2209 0.2651 0.1886 0.2275 0.1950 0.1848
	      A      2      3      4      5      6      7      8      9      T      J      Q      K
5, A 0.1064 0.3920 0.4438 0.4168 0.3963 0.4182 0.2317 0.2437 0.2204 0.1956 0.2381 0.1962 0.2062
5, 2 0.1141 0.3419 0.3912 0.4129 0.4518 0.4283 0.2298 0.2426 0.2288 0.1951 0.1876 0.2261 0.2017
5, 3 0.1195 0.3550 0.3990 0.4457 0.4555 0.4409 0.2665 0.2410 0.2072 0.1833 0.2220 0.2052 0.2126
5, 4 0.1226 0.4102 0.3724 0.3924 0.4306 0.4397 0.2386 0.2463 0.2196 0.2265 0.1813 0.2133 0.2126
5, 5 0.1410 0.3483 0.3814 0.4349 0.5301 0.4318 0.2974 0.2245 0.2737 0.2182 0.2098 0.2133 0.2124
5, 6 0.1160 0.4227 0.4291 0.4378 0.4972 0.4084 0.2505 0.2266 0.2510 0.2220 0.1715 0.2062 0.2059
5, 7 0.1206 0.3593 0.3954 0.3946 0.4358 0.4097 0.2404 0.2645 0.1962 0.2149 0.2495 0.2053 0.2165
5, 8 0.1139 0.3544 0.3798 0.4643 0.4225 0.4050 0.2568 0.2266 0.2432 0.1973 0.2335 0.1979 0.2161
5, 9 0.1165 0.3549 0.3717 0.3883 0.4372 0.4198 0.2365 0.2190 0.2533 0.2735 0.2274 0.1975 0.2189
5, T 0.1180 0.3359 0.3434 0.4234 0.4504 0.4358 0.2611 0.2274 0.2293 0.1816 0.2010 0.2562 0.1892
5, J 0.1143 0.3215 0.3877 0.4144 0.4411 0.4476 0.2584 0.2398 0.2284 0.2354 0.2210 0.2008 0.1980
5, Q 0.1198 0.3612 0.3031 0.4262 0.4576 0.4177 0.2722 0.2220 0.2004 0.2210 0.2059 0.2370 0.2183
5, K 0.1061 0.3226 0.3750 0.4078 0.4141 0.4551 0.2779 0.2154 0.2185 0.2242 0.2117 0.1946 0.2264
	      A      2      3      4      5      6      7      8      9      T      J      Q      K
6, A 0.1153 0.3761 0.3681 0.4035 0.4264 0.4176 0.2720 0.2353 0.2291 0.1964 0.1938 0.2563 0.2421
6, 2 0.1138 0.4247 0.3474 0.4307 0.4531 0.4220 0.2575 0.2464 0.2030 0.1996 0.1722 0.2136 0.2008
6, 3 0.1331 0.3636 0.3837 0.4323 0.4553 0.4587 0.2421 0.2385 0.2114 0.2159 0.2246 0.2194 0.1490
6, 4 0.1322 0.3513 0.3875 0.3947 0.4602 0.4469 0.2222 0.2044 0.2355 0.1653 0.2352 0.2241 0.1892
6, 5 0.1214 0.3885 0.3504 0.4370 0.4943 0.4690 0.2759 0.2407 0.2245 0.1894 0.2249 0.2131 0.2151
6, 6 0.1357 0.3608 0.3924 0.4754 0.4282 0.4093 0.2568 0.2191 0.2198 0.1589 0.1667 0.2079 0.1944
6, 7 0.1339 0.3354 0.3525 0.3907 0.4422 0.4322 0.2414 0.2128 0.2052 0.1980 0.2084 0.2016 0.2036
6, 8 0.1166 0.3526 0.4004 0.4397 0.4124 0.4323 0.2420 0.1941 0.2179 0.2296 0.2119 0.2341 0.2200
6, 9 0.1340 0.3657 0.3588 0.4510 0.4024 0.4178 0.2727 0.2622 0.2081 0.2152 0.1869 0.2300 0.2615
6, T 0.1233 0.3553 0.3300 0.4197 0.4277 0.4320 0.2459 0.2429 0.2490 0.2125 0.2185 0.1921 0.2072
6, J 0.0850 0.3456 0.3823 0.4384 0.4243 0.4226 0.2532 0.2399 0.2348 0.2016 0.1944 0.1896 0.2098
6, Q 0.1204 0.3326 0.3926 0.4060 0.4536 0.4033 0.2926 0.2325 0.2466 0.2000 0.2070 0.2089 0.2064
6, K 0.1163 0.3376 0.3531 0.4079 0.4400 0.4348 0.2611 0.2229 0.2340 0.2027 0.1932 0.2035 0.1717
	      A      2      3      4      5      6      7      8      9      T      J      Q      K
7, A 0.2213 0.5298 0.5624 0.5380 0.5560 0.6090 0.6288 0.3420 0.3496 0.3366 0.3176 0.3326 0.3135
7, 2 0.1100 0.3806 0.4004 0.4295 0.4472 0.4091 0.2447 0.2434 0.2112 0.2104 0.2479 0.1866 0.2193
7, 3 0.1041 0.3827 0.4317 0.4303 0.4490 0.4534 0.2613 0.2140 0.1786 0.2275 0.2205 0.2510 0.2251
7, 4 0.1176 0.3397 0.4191 0.3928 0.4452 0.3960 0.2118 0.2203 0.1843 0.2246 0.1942 0.2082 0.2283
7, 5 0.0830 0.3304 0.4209 0.4260 0.4501 0.4453 0.2426 0.2308 0.2283 0.2205 0.2220 0.2520 0.2273
7, 6 0.1239 0.3597 0.4004 0.4675 0.4464 0.4067 0.2717 0.2396 0.2154 0.2201 0.2582 0.2066 0.1964
7, 7 0.1211 0.3427 0.4057 0.3333 0.3889 0.3907 0.2646 0.2340 0.2322 0.2651 0.2141 0.1961 0.2199
7, 8 0.1266 0.4128 0.3925 0.3517 0.4044 0.4110 0.2591 0.2171 0.2182 0.1858 0.2532 0.2020 0.2255
7, 9 0.1135 0.3676 0.3665 0.3971 0.4492 0.4008 0.2571 0.2168 0.2521 0.2328 0.2147 0.2284 0.2432
7, T 0.1268 0.3285 0.3864 0.3893 0.3941 0.4411 0.2343 0.2106 0.2363 0.2074 0.2124 0.2187 0.2154
7, J 0.0986 0.3268 0.3791 0.3814 0.3992 0.3658 0.2676 0.2536 0.2373 0.2112 0.2283 0.2489 0.2016
7, Q 0.1188 0.3669 0.3294 0.4042 0.4181 0.4343 0.2674 0.2104 0.2218 0.2213 0.2321 0.2772 0.2128
7, K 0.1520 0.3745 0.4112 0.3975 0.4381 0.3808 0.2626 0.2013 0.2162 0.2244 0.2439 0.2327 0.2232
	      A      2      3      4      5      6      7      8      9      T      J      Q      K
8, A 0.4139 0.6282 0.6529 0.6722 0.6660 0.6619 0.7856 0.7413 0.4979 0.4511 0.4365 0.4541 0.4213
8, 2 0.1394 0.3433 0.4027 0.3786 0.4348 0.4274 0.2402 0.1902 0.2155 0.2167 0.2360 0.1971 0.2055
8, 3 0.1069 0.3574 0.4126 0.4311 0.4114 0.4244 0.2594 0.2299 0.2315 0.2105 0.2207 0.1739 0.2187
8, 4 0.1072 0.3745 0.4087 0.3866 0.4485 0.3877 0.2744 0.2075 0.2510 0.2443 0.2408 0.2280 0.2376
8, 5 0.1265 0.3784 0.3907 0.4032 0.4218 0.3992 0.2520 0.2272 0.2576 0.2165 0.2185 0.2211 0.1900
8, 6 0.1240 0.3543 0.3931 0.4404 0.4369 0.3676 0.2505 0.2402 0.2354 0.1922 0.2093 0.2280 0.2149
8, 7 0.1045 0.3368 0.4326 0.3971 0.4179 0.4568 0.2534 0.2429 0.2322 0.2365 0.1820 0.2203 0.2550
8, 8 0.0977 0.3472 0.4041 0.4652 0.3895 0.4557 0.2791 0.2123 0.2180 0.2522 0.1878 0.2269 0.1995
8, 9 0.1047 0.3763 0.3575 0.3792 0.3938 0.4192 0.2536 0.2147 0.2556 0.2270 0.2201 0.2194 0.2328
8, T 0.2621 0.4859 0.5294 0.5086 0.5054 0.6044 0.5952 0.3705 0.3529 0.3430 0.3466 0.3369 0.3050
8, J 0.2428 0.4892 0.4926 0.4883 0.5508 0.6192 0.6206 0.3734 0.3286 0.3491 0.3284 0.3150 0.3899
8, Q 0.2297 0.4776 0.5507 0.5633 0.5598 0.5520 0.6320 0.3499 0.3790 0.3002 0.3120 0.3282 0.3369
8, K 0.2384 0.5010 0.5381 0.5278 0.4978 0.5407 0.6121 0.3653 0.3457 0.2989 0.3601 0.3521 0.3232
	      A      2      3      4      5      6      7      8      9      T      J      Q      K
9, A 0.5013 0.7761 0.7852 0.7608 0.7771 0.7636 0.8742 0.8597 0.8179 0.5567 0.5630 0.5146 0.5556
9, 2 0.1100 0.3544 0.3469 0.4022 0.4000 0.4042 0.2538 0.2715 0.2161 0.1602 0.2097 0.1958 0.2594
9, 3 0.1078 0.3220 0.3938 0.4013 0.4559 0.4065 0.2570 0.2525 0.2601 0.2101 0.1992 0.1745 0.2224
9, 4 0.0915 0.3307 0.4189 0.4302 0.4749 0.4131 0.2438 0.2616 0.2087 0.2368 0.2098 0.2547 0.2059
9, 5 0.1202 0.3883 0.4083 0.3924 0.4393 0.3912 0.2982 0.2337 0.2196 0.2198 0.2041 0.1939 0.2170
9, 6 0.1326 0.3703 0.3879 0.3931 0.4228 0.3802 0.2544 0.2575 0.2716 0.2206 0.2090 0.2215 0.2438
9, 7 0.1044 0.3463 0.3976 0.4201 0.3668 0.4137 0.2225 0.2075 0.2196 0.2181 0.2167 0.2558 0.2157
9, 8 0.1154 0.3601 0.3502 0.3842 0.4044 0.4203 0.2390 0.2257 0.2612 0.2208 0.1896 0.1953 0.1938
9, 9 0.2331 0.4674 0.4810 0.5344 0.5234 0.5260 0.6755 0.2829 0.3596 0.3305 0.3380 0.3398 0.3136
9, T 0.4274 0.6068 0.6158 0.6448 0.6358 0.7174 0.7965 0.6709 0.4877 0.4635 0.4609 0.4820 0.4787
9, J 0.3948 0.6080 0.6051 0.6030 0.6506 0.6367 0.7816 0.7089 0.4674 0.4667 0.4930 0.4504 0.4264
9, Q 0.3956 0.6503 0.6149 0.6231 0.6552 0.6597 0.7674 0.7038 0.4042 0.4734 0.4573 0.4569 0.4524
9, K 0.4074 0.5884 0.6360 0.6408 0.6482 0.7050 0.7436 0.7415 0.3639 0.4311 0.4665 0.4521 0.4642
	      A      2      3      4      5      6      7      8      9      T      J      Q      K
T, A 0.6331 0.8833 0.8750 0.8834 0.8917 0.8972 0.9286 0.9017 0.9466 0.9035 0.8903 0.8929 0.8998
T, 2 0.1200 0.3753 0.3848 0.4374 0.4071 0.4179 0.2802 0.2581 0.2387 0.2358 0.2055 0.2268 0.2106
T, 3 0.1015 0.3020 0.4011 0.4041 0.4544 0.4184 0.2585 0.2433 0.2389 0.2056 0.2263 0.2004 0.2243
T, 4 0.0892 0.3439 0.3836 0.3848 0.4230 0.4123 0.2772 0.2377 0.2562 0.2145 0.1818 0.1965 0.2198
T, 5 0.1332 0.3502 0.3739 0.3903 0.4186 0.4209 0.2549 0.2220 0.2329 0.2030 0.2180 0.1778 0.2327
T, 6 0.1214 0.3623 0.4158 0.3714 0.4025 0.4331 0.2540 0.2054 0.2220 0.2023 0.2021 0.1954 0.2022
T, 7 0.1088 0.3534 0.3574 0.4459 0.4180 0.4046 0.2574 0.2363 0.2389 0.2087 0.2238 0.1951 0.2301
T, 8 0.2211 0.5010 0.5410 0.4815 0.5318 0.6233 0.6250 0.4046 0.3419 0.3705 0.3246 0.3393 0.3333
T, 9 0.3979 0.6383 0.6223 0.6680 0.6764 0.6583 0.7602 0.7265 0.4603 0.4350 0.4602 0.4512 0.4408
T, T 0.5294 0.7318 0.7646 0.7619 0.7769 0.7812 0.8678 0.8333 0.8433 0.5786 0.6033 0.5815 0.5535
T, J 0.5416 0.7837 0.7573 0.7716 0.7948 0.7765 0.8140 0.8596 0.8086 0.5718 0.6119 0.6103 0.5861
T, Q 0.5231 0.7462 0.7095 0.7461 0.7920 0.7694 0.8204 0.8371 0.7733 0.5330 0.5708 0.5537 0.5607
T, K 0.5010 0.7323 0.7358 0.7684 0.8083 0.7972 0.8374 0.8778 0.7759 0.5802 0.5698 0.6214 0.5950
	      A      2      3      4      5      6      7      8      9      T      J      Q      K
J, A 0.6435 0.8952 0.8844 0.8517 0.8821 0.8846 0.9152 0.9267 0.9278 0.8854 0.9053 0.8998 0.8818
J, 2 0.0900 0.3370 0.3385 0.3957 0.4463 0.4051 0.2432 0.2857 0.2022 0.2113 0.2105 0.2303 0.2120
J, 3 0.1046 0.3145 0.4072 0.3917 0.4206 0.4682 0.2647 0.2295 0.2178 0.2274 0.1974 0.1919 0.2082
J, 4 0.1229 0.3651 0.3618 0.3716 0.4258 0.4334 0.2271 0.2040 0.2157 0.1873 0.1850 0.2186 0.2292
J, 5 0.1042 0.3702 0.3980 0.4163 0.4492 0.4176 0.2398 0.2311 0.2392 0.2354 0.2351 0.2166 0.2140
J, 6 0.1220 0.3820 0.3807 0.4103 0.4325 0.4162 0.2237 0.2495 0.2141 0.1931 0.1821 0.1826 0.1979
J, 7 0.1306 0.3373 0.3836 0.3901 0.4163 0.4248 0.2636 0.2162 0.2447 0.2245 0.2085 0.2414 0.2412
J, 8 0.2426 0.4896 0.5596 0.5240 0.5571 0.5866 0.6495 0.3479 0.3527 0.3304 0.3333 0.3717 0.3638
J, 9 0.4043 0.6499 0.6120 0.6426 0.6853 0.7166 0.7269 0.7329 0.4444 0.4442 0.4282 0.4642 0.4834
J, T 0.4781 0.7622 0.7364 0.7705 0.7532 0.7960 0.8638 0.8371 0.8362 0.5259 0.5506 0.5587 0.5944
J, J 0.5051 0.7551 0.7695 0.7614 0.7746 0.7906 0.8464 0.8799 0.8283 0.5925 0.4744 0.5710 0.5698
J, Q 0.5125 0.7209 0.7219 0.7263 0.8081 0.8069 0.8592 0.8372 0.8276 0.5674 0.5397 0.5885 0.5617
J, K 0.5437 0.7262 0.7665 0.7343 0.7663 0.8050 0.8397 0.8351 0.7992 0.5471 0.5609 0.6131 0.5775
	      A      2      3      4      5      6      7      8      9      T      J      Q      K
Q, A 0.6499 0.8648 0.8994 0.8617 0.8966 0.9145 0.9283 0.9340 0.9298 0.9289 0.9087 0.8904 0.8969
Q, 2 0.1055 0.3636 0.4082 0.3398 0.4032 0.4095 0.2337 0.2234 0.2578 0.2249 0.2353 0.2105 0.1863
Q, 3 0.1074 0.3320 0.3666 0.4032 0.4291 0.4138 0.2470 0.2553 0.2405 0.2199 0.2266 0.1873 0.2306
Q, 4 0.0988 0.3327 0.3976 0.3912 0.4341 0.4358 0.2677 0.2283 0.2515 0.2299 0.2101 0.1877 0.1878
Q, 5 0.1109 0.3497 0.3661 0.4091 0.4745 0.4047 0.2377 0.2317 0.2196 0.1935 0.2273 0.1984 0.1992
Q, 6 0.1158 0.3877 0.3765 0.4050 0.4139 0.4841 0.2382 0.2050 0.2345 0.2332 0.2204 0.1983 0.2208
Q, 7 0.1250 0.3312 0.3714 0.4153 0.4037 0.3896 0.2569 0.2426 0.2303 0.2201 0.1988 0.2016 0.2152
Q, 8 0.2548 0.4989 0.5104 0.5735 0.5463 0.6223 0.6124 0.3091 0.3851 0.3016 0.3244 0.3028 0.3320
Q, 9 0.3650 0.6156 0.6169 0.6376 0.6892 0.6904 0.7453 0.6943 0.4524 0.4626 0.4634 0.5231 0.4417
Q, T 0.5589 0.7571 0.7831 0.7776 0.7588 0.8072 0.8557 0.8702 0.8232 0.5634 0.5638 0.5496 0.5912
Q, J 0.5064 0.7215 0.7314 0.7555 0.7885 0.7903 0.8219 0.8908 0.8216 0.5720 0.5882 0.5913 0.5553
Q, Q 0.4973 0.7905 0.7416 0.7793 0.7660 0.7821 0.8300 0.8686 0.7932 0.5497 0.5965 0.5693 0.5787
Q, K 0.5377 0.7544 0.7352 0.7483 0.7700 0.8160 0.8376 0.8544 0.8439 0.5928 0.5746 0.5241 0.5674
	      A      2      3      4      5      6      7      8      9      T      J      Q      K
K, A 0.6790 0.8796 0.8672 0.8819 0.8864 0.8856 0.9117 0.9292 0.9174 0.9018 0.9146 0.8988 0.8830
K, 2 0.0903 0.3469 0.3587 0.3677 0.4224 0.4075 0.2446 0.2133 0.2671 0.2079 0.2098 0.2069 0.1853
K, 3 0.1173 0.3827 0.3584 0.3806 0.4541 0.3954 0.2693 0.2545 0.2162 0.2009 0.1858 0.2259 0.2137
K, 4 0.1194 0.3348 0.3979 0.4428 0.4590 0.3906 0.2924 0.2478 0.2457 0.2222 0.1953 0.2091 0.2016
K, 5 0.1180 0.3128 0.3730 0.3876 0.4447 0.4365 0.2593 0.2289 0.2358 0.2147 0.2115 0.1996 0.1953
K, 6 0.1237 0.3409 0.3414 0.4386 0.4128 0.4486 0.2574 0.2300 0.2309 0.2129 0.2180 0.2419 0.2017
K, 7 0.1196 0.3232 0.3719 0.3929 0.4187 0.4118 0.2842 0.2407 0.2209 0.2217 0.2004 0.2141 0.2479
K, 8 0.2527 0.4647 0.5139 0.4968 0.5511 0.5643 0.6237 0.3273 0.3380 0.2975 0.3185 0.3683 0.3286
K, 9 0.4024 0.6162 0.6435 0.6375 0.6369 0.7202 0.7954 0.7332 0.4457 0.4591 0.4421 0.4725 0.4582
K, T 0.5188 0.7640 0.7570 0.8032 0.7804 0.7964 0.8223 0.8168 0.8463 0.5564 0.5284 0.5705 0.6195
K, J 0.5300 0.7328 0.7477 0.7560 0.7960 0.7974 0.8273 0.8544 0.8201 0.5729 0.5460 0.5747 0.5688
K, Q 0.4868 0.7616 0.7375 0.7752 0.7865 0.7872 0.8106 0.8602 0.8053 0.5529 0.5854 0.5915 0.5852
K, K 0.4970 0.7313 0.7535 0.7143 0.7711 0.8089 0.8514 0.8348 0.8144 0.5874 0.5691 0.5944 0.5847
