0 1 77
1 0
2 0
3 1 51
4 1 7
5 0
6 0
7 1 4
8 0
9 0
10 1 14
11 1 27
12 0
13 0
14 1 10
15 0
16 0
17 0
18 0
19 1 46
20 0
21 0
22 0
23 0
24 0
25 0
26 0
27 2 11 28
28 3 27 70 1776
29 0
30 0
31 0
32 0
33 0
34 0
35 1 36
36 2 35 1132
37 1 39
38 1 39
39 2 37 38
40 0
41 1 42
42 2 41 49
43 0
44 1 346
45 1 46
46 2 19 45
47 0
48 0
49 1 42
50 1 62
51 1 3
52 1 53
53 2 52 84
54 1 56
55 0
56 1 54
57 0
58 0
59 0
60 0
61 0
62 2 50 63
63 1 62
64 0
65 0
66 0
67 0
68 0
69 1 73
70 1 28
71 0
72 0
73 2 69 1270
74 0
75 0
76 1 79
77 1 0
78 0
79 2 76 80
80 1 79
81 0
82 0
83 0
84 1 53
85 1 847
86 0
87 0
88 2 90 92
89 1 90
90 2 88 89
91 0
92 1 88
93 8 105 109 230 905 1154 1301 1394 1716
94 2 111 120
95 2 108 232
96 2 992 1395
97 1 233
98 6 99 107 112 258 1088 1311
99 2 98 1000
100 5 101 113 1002 1401 1720
101 9 100 137 148 240 260 572 690 779 1908
102 7 103 105 142 184 780 911 1404
103 5 102 105 575 782 1165
104 0
105 7 93 102 103 109 244 1315 1724
106 2 109 110
107 5 98 112 192 268 435
108 2 95 914
109 6 93 105 106 110 1008 1170
110 6 106 109 246 523 1913 1988
111 2 94 120
112 4 98 107 113 525
113 8 100 112 116 250 275 693 1121 1878
114 2 115 116
115 2 114 116
116 4 113 114 115 1122
117 6 278 789 919 1013 1174 1916
118 2 119 922
119 3 118 1123 1175
120 2 94 111
121 5 130 141 1179 1322 1734
122 9 123 124 125 127 129 142 795 926 1324
123 7 122 124 125 127 129 928 1180
124 7 122 123 125 127 129 1432 1735
125 8 122 123 124 127 129 872 929 1018
126 3 127 178 797
127 13 122 123 124 125 126 129 582 701 798 1182 1736 1922 1989
128 5 159 179 583 935 1990
129 12 122 123 124 125 127 131 140 180 584 800 1020 1433
130 2 121 141
131 3 129 140 1023
132 2 133 134
133 2 132 134
134 2 132 133
135 0
136 1 217
137 10 101 138 140 148 240 284 1438 1740 1930 1991
138 3 137 241 873
139 0
140 6 129 131 137 182 1025 1185
141 3 121 130 243
142 6 102 122 184 940 1439 1742
143 2 589 1030
144 1 151
145 0
146 1 941
147 3 153 460 946
148 10 101 137 240 602 710 813 886 1038 1201 1952
149 1 151
150 0
151 3 144 149 1045
152 0
153 4 147 889 1357 1507
154 3 158 168 1523
155 2 156 160
156 3 155 160 617
157 6 158 163 165 169 206 714
158 5 154 157 166 618 1218
159 2 128 179
160 2 155 156
161 1 210
162 2 163 211
163 4 157 162 165 169
164 1 167
165 4 157 163 166 169
166 3 158 165 218
167 1 164
168 3 154 343 633
169 4 157 163 165 170
170 4 169 171 222 634
171 3 170 224 720
172 4 173 226 347 637
173 6 172 227 638 723 1227 1547
174 1 349
175 1 639
176 0
177 2 228 642
178 1 126
179 6 128 159 188 354 1364 1783
180 5 129 182 190 355 726
181 3 198 360 1577
182 5 140 180 190 365 1894
183 2 366 1786
184 5 102 142 185 186 1245
185 6 184 186 201 371 1788 1999
186 2 184 185
187 4 190 372 828 970
188 2 179 1375
189 4 190 191 225 1792
190 6 180 182 187 189 191 1376
191 2 189 190
192 3 107 197 199
193 0
194 0
195 4 381 480 1381 1798
196 7 660 838 1065 1256 1382 1588 1977
197 6 192 199 1073 1385 1800 1898
198 2 181 841
199 4 192 197 200 201
200 2 199 201
201 4 185 199 200 662
202 4 205 208 735 1804
203 2 204 206
204 4 203 487 737 1809
205 3 202 208 221
206 3 157 203 739
207 1 744
208 3 202 205 745
209 5 210 211 220 492 1815
210 3 161 209 396
211 5 162 209 398 667 749
212 3 214 216 1820
213 3 218 219 1821
214 3 212 216 1261
215 1 752
216 5 212 214 217 218 1865
217 3 136 216 218
218 6 166 213 216 217 219 500
219 2 213 218
220 2 209 222
221 1 205
222 4 170 220 223 224
223 3 222 224 408
224 4 171 222 223 758
225 1 189
226 6 172 227 412 506 673 763
227 4 173 226 413 764
228 2 177 416
229 0
230 3 93 244 510
231 1 1076
232 5 95 238 676 880 1117
233 1 97
234 0
235 1 236
236 3 235 770 1295
237 1 240
238 1 232
239 1 241
240 7 101 137 148 237 241 771 1276
241 7 138 239 240 245 512 678 772
242 5 845 883 984 1079 1278
243 3 141 986 1279
244 2 105 230
245 2 241 425
246 3 110 247 1839
247 2 246 249
248 0
249 1 247
250 2 113 685
251 0
252 0
253 0
254 2 562 1715
255 0
256 5 257 259 269 275 280
257 7 256 259 269 275 280 1157 1902
258 5 98 259 268 1088 1311
259 11 256 257 258 269 275 280 907 1001 1399 1719 1906
260 6 101 284 572 690 779 1908
261 0
262 1 909
263 0
264 3 434 781 1405
265 1 266
266 1 265
267 5 269 273 376 421 1987
268 5 107 258 269 422 435
269 14 256 257 259 267 268 273 275 280 377 423 576 785 1007 1911
270 0
271 0
272 3 426 1009 1727
273 5 267 269 277 436 1171
274 1 428
275 10 113 256 257 259 269 277 280 693 1121 1878
276 5 277 787 1173 1729 1915
277 6 273 275 276 379 918 1012
278 6 117 789 919 1013 1174 1916
279 1 1176
280 8 256 257 259 269 275 529 1409 1919
281 3 295 933 1737
282 0
283 2 284 806
284 7 137 260 283 1438 1740 1930 1991
285 2 1336 1746
286 1 287
287 2 286 311
288 0
289 2 327 389
290 1 294
291 1 292
292 3 291 309 313
293 1 294
294 2 290 293
295 3 281 316 1191
296 1 297
297 3 296 302 1934
298 3 299 303 317
299 3 298 300 399
300 2 299 1467
301 1 302
302 3 297 301 402
303 4 298 317 337 1756
304 1 1757
305 2 306 307
306 2 305 307
307 2 305 306
308 0
309 5 292 313 341 1474 1940
310 0
311 1 287
312 2 315 316
313 4 292 309 409 1481
314 1 315
315 4 312 314 316 1482
316 6 295 312 315 344 1764 1946
317 3 298 303 318
318 1 317
319 0
320 0
321 2 1343 1948
322 0
323 0
324 1 325
325 1 324
326 0
327 5 289 328 330 350 389
328 3 327 331 332
329 5 330 331 392 621 1528
330 3 327 329 331
331 5 328 329 330 332 716
332 2 328 331
333 1 334
334 1 333
335 0
336 0
337 4 303 343 627 1537
338 0
339 0
340 3 351 629 1540
341 3 309 631 1541
342 1 343
343 4 168 337 342 633
344 1 316
345 1 1545
346 1 44
347 3 172 412 637
348 1 349
349 2 174 348
350 3 327 1232 1548
351 3 340 641 1550
352 2 380 1361
353 4 355 360 374 725
354 3 179 1364 1783
355 5 180 353 365 379 726
356 0
357 5 372 473 965 1368 1575
358 0
359 4 367 371 377 1051
360 5 181 353 361 374 1577
361 3 360 876 969
362 5 365 376 647 820 1053
363 1 364
364 1 363
365 5 182 355 362 379 1894
366 3 183 367 1786
367 6 359 366 368 371 377 823
368 1 367
369 0
370 0
371 6 185 359 367 377 1788 1999
372 6 187 357 373 374 828 970
373 1 372
374 6 353 360 372 652 1246 1791
375 1 1059
376 7 267 362 377 378 421 974 1968
377 8 269 359 367 371 376 378 423 1249
378 2 376 377
379 5 277 355 365 835 1254
380 4 352 381 1255 1797
381 5 195 380 480 1381 1798
382 1 1976
383 2 384 1066
384 1 383
385 1 978
386 1 734
387 2 391 1805
388 1 485
389 3 289 327 1811
390 2 391 393
391 4 387 390 489 665
392 3 329 416 1813
393 1 390
394 0
395 0
396 3 210 397 399
397 2 396 493
398 6 211 399 400 404 667 749
399 4 299 396 398 400
400 2 398 399
401 1 402
402 3 302 401 417
403 1 413
404 5 398 405 495 669 1822
405 3 404 497 1823
406 1 1262
407 0
408 1 223
409 4 313 410 413 504
410 3 409 413 759
411 2 412 413
412 7 226 347 411 413 506 673 763
413 7 227 403 409 410 411 412 764
414 0
415 0
416 3 228 392 417
417 3 402 416 1831
418 2 423 1833
419 0
420 1 1275
421 4 267 376 423 424
422 2 268 423
423 6 269 377 418 421 422 424
424 3 421 423 425
425 3 245 424 426
426 4 272 425 683 848
427 3 428 1118 1284
428 2 274 427
429 0
430 2 434 1155
431 2 432 688
432 3 431 570 778
433 1 910
434 4 264 430 781 1405
435 3 107 268 437
436 2 273 1171
437 4 435 438 790 1317
438 5 437 695 791 1014 1318
439 4 440 455 1017 1431
440 1 439
441 1 452
442 0
443 0
444 1 447
445 4 453 473 510 1094
446 5 585 1095 1328 1434 1926
447 2 444 1334
448 0
449 1 939
450 2 1440 1744
451 0
452 1 441
453 2 445 467
454 0
455 1 439
456 0
457 1 1034
458 0
459 0
460 4 147 461 471 946
461 3 460 471 1777
462 0
463 4 469 607 950 1040
464 0
465 0
466 1 467
467 3 453 466 1355
468 3 818 1210 1961
469 4 463 470 471 957
470 4 469 471 958 1359
471 9 460 461 469 470 481 614 713 959 1963
472 0
473 6 357 445 510 965 1368 1575
474 1 966
475 2 519 728
476 2 1244 1372
477 0
478 5 481 975 1111 1252 1379
479 0
480 4 195 381 1381 1798
481 4 471 478 979 1071
482 0
483 1 484
484 1 483
485 2 388 498
486 2 491 507
487 4 204 490 737 1809
488 0
489 4 391 500 509 665
490 3 487 491 506
491 2 486 490
492 3 209 493 1815
493 2 397 492
494 1 1259
495 5 404 496 497 669 1822
496 2 495 497
497 4 405 495 496 1823
498 1 485
499 1 753
500 3 218 489 509
501 1 505
502 2 505 1268
503 1 1825
504 1 409
505 4 501 502 761 1272
506 5 226 412 490 673 763
507 2 486 508
508 1 507
509 3 489 500 1829
510 4 230 445 473 511
511 1 510
512 3 241 678 772
513 1 1078
514 1 1838
515 1 1393
516 0
517 2 518 1700
518 1 517
519 3 475 988 1847
520 1 528
521 0
522 0
523 3 110 1913 1988
524 0
525 2 112 526
526 1 525
527 1 528
528 5 520 527 543 920 1917
529 4 280 537 1409 1919
530 1 531
531 1 530
532 0
533 7 599 944 1035 1105 1347 1497 1774
534 0
535 1 1131
536 1 548
537 1 529
538 1 553
539 0
540 0
541 0
542 0
543 1 528
544 0
545 0
546 0
547 0
548 1 536
549 0
550 0
551 0
552 0
553 1 538
554 0
555 1 556
556 1 555
557 0
558 0
559 0
560 0
561 0
562 2 254 1715
563 5 564 566 903 1152 1299
564 6 563 565 576 904 1153 1300
565 1 564
566 2 563 1900
567 8 569 572 996 1086 1158 1307 1397 1717
568 3 630 1160 1398
569 4 567 570 777 1161
570 3 432 569 778
571 0
572 7 101 260 567 602 690 779 1908
573 0
574 0
575 3 103 782 1165
576 7 269 564 577 610 785 1007 1911
577 4 576 611 656 1912
578 0
579 1 1879
580 0
581 0
582 8 127 584 701 798 1182 1736 1922 1989
583 3 128 935 1990
584 6 129 582 623 800 1020 1433
585 6 446 586 1095 1328 1434 1926
586 3 585 677 804
587 1 808
588 0
589 3 143 683 1030
590 0
591 3 592 942 1099
592 3 591 1100 1446
593 1 608
594 2 595 1992
595 1 594
596 0
597 1 598
598 1 597
599 7 533 944 1035 1105 1347 1497 1774
600 5 601 607 609 615 1199
601 8 600 602 604 610 614 1036 1200 1775
602 11 148 572 601 603 604 710 813 886 1038 1201 1952
603 5 602 649 678 814 1501
604 3 601 602 611
605 0
606 4 680 887 1039 1953
607 7 463 600 608 609 615 950 1040
608 4 593 607 952 1041
609 7 600 607 610 615 817 1779 1958
610 7 576 601 609 611 614 1780 1959
611 4 577 604 610 656
612 0
613 2 956 1046
614 6 471 601 610 713 959 1963
615 4 600 607 609 1048
616 2 619 623
617 3 156 620 664
618 4 158 622 665 1218
619 4 616 623 631 1527
620 2 617 715
621 5 329 622 626 642 1528
622 2 618 621
623 3 584 616 619
624 0
625 1 1534
626 3 621 642 668
627 3 337 633 1537
628 1 631
629 4 340 630 641 1540
630 2 568 629
631 4 341 619 628 1541
632 0
633 3 168 343 627
634 2 170 635
635 2 634 636
636 1 635
637 4 172 347 638 673
638 5 173 637 723 1227 1547
639 1 175
640 0
641 3 351 629 1550
642 3 177 621 626
643 0
644 1 656
645 0
646 1 1576
647 5 362 648 651 820 1053
648 2 647 655
649 4 603 678 822 879
650 1 658
651 6 647 652 730 826 1056 1966
652 4 374 651 1246 1791
653 1 654
654 1 653
655 4 648 656 658 1969
656 6 577 611 644 655 658 1971
657 4 658 659 1110 1975
658 7 650 655 656 657 659 1250 1586
659 2 657 658
660 7 196 838 1065 1256 1382 1588 1977
661 4 839 1257 1799 1994
662 1 201
663 1 1808
664 1 617
665 3 391 489 618
666 0
667 4 211 398 669 749
668 1 626
669 4 404 495 667 1822
670 0
671 1 672
672 1 671
673 5 226 412 506 637 763
674 0
675 0
676 3 232 880 1117
677 1 586
678 5 241 512 603 649 772
679 1 685
680 1 606
681 0
682 1 1689
683 3 426 589 848
684 2 685 1081
685 3 250 679 684
686 0
687 0
688 1 431
689 4 755 997 1159 1308
690 7 101 260 572 710 771 779 1908
691 3 693 695 1090
692 1 700
693 7 113 275 691 694 695 1121 1878
694 2 693 1914
695 6 438 691 693 791 1014 1318
696 0
697 2 699 732
698 0
699 1 697
700 1 692
701 7 127 582 798 1182 1736 1922 1989
702 0
703 1 705
704 0
705 2 703 1026
706 1 1747
707 0
708 1 740
709 1 943
710 10 148 602 690 711 771 813 886 1038 1201 1952
711 1 710
712 1 713
713 5 471 614 712 959 1963
714 2 157 739
715 1 620
716 2 331 744
717 0
718 2 769 1538
719 1 722
720 2 171 758
721 0
722 2 719 761
723 5 173 638 764 1227 1547
724 0
725 2 353 726
726 3 180 355 725
727 0
728 1 475
729 0
730 4 651 826 1056 1966
731 2 973 1058
732 1 697
733 1 1803
734 4 386 738 744 765
735 6 202 736 741 745 747 1804
736 5 735 741 745 747 1807
737 3 204 487 1809
738 2 734 744
739 4 206 714 740 754
740 2 708 739
741 5 735 736 742 745 747
742 1 741
743 1 744
744 6 207 716 734 738 743 759
745 7 208 735 736 741 746 747 761
746 1 745
747 4 735 736 741 745
748 2 751 1816
749 5 211 398 667 750 751
750 2 749 751
751 3 748 749 750
752 1 215
753 1 499
754 2 739 755
755 3 689 754 756
756 2 755 1824
757 1 763
758 2 224 720
759 3 410 744 764
760 0
761 4 505 722 745 1272
762 3 763 764 1273
763 7 226 412 506 673 757 762 764
764 6 227 413 723 759 762 763
765 1 734
766 0
767 1 768
768 2 767 1291
769 1 718
770 2 236 1295
771 5 240 690 710 772 1276
772 4 241 512 678 771
773 0
774 0
775 0
776 0
777 4 569 778 805 1161
778 3 432 570 777
779 6 101 260 572 690 813 1908
780 5 102 781 782 911 1404
781 5 264 434 780 784 1405
782 4 103 575 780 1165
783 0
784 1 781
785 5 269 576 791 1007 1911
786 1 1010
787 5 276 788 1173 1729 1915
788 3 787 1092 1730
789 7 117 278 818 919 1013 1174 1916
790 3 437 791 1317
791 6 438 695 785 790 1014 1318
792 0
793 0
794 0
795 7 122 796 798 800 810 926 1324
796 5 795 798 800 807 930
797 3 126 798 799
798 13 127 582 701 795 796 797 799 800 805 1182 1736 1922 1989
799 2 797 798
800 7 129 584 795 796 798 1020 1433
801 3 802 936 1924
802 1 801
803 2 937 1925
804 1 586
805 2 777 798
806 1 283
807 1 796
808 1 587
809 2 810 1882
810 2 795 809
811 3 1344 1493 1772
812 2 817 945
813 9 148 602 710 779 814 886 1038 1201 1952
814 4 603 813 822 1501
815 0
816 2 847 1206
817 4 609 812 1779 1958
818 4 468 789 1210 1961
819 1 963
820 5 362 647 821 826 1053
821 6 820 823 831 1241 1371 1579
822 4 649 814 837 879
823 3 367 821 831
824 1 1054
825 0
826 8 651 730 820 827 828 829 1056 1966
827 4 826 828 829 1373
828 6 187 372 826 827 829 970
829 4 826 827 828 972
830 2 831 1377
831 4 821 823 830 1378
832 1 834
833 0
834 3 832 840 1973
835 2 379 1254
836 1 1061
837 1 822
838 7 196 660 1065 1256 1382 1588 1977
839 4 661 1257 1799 1994
840 3 834 1068 1383
841 1 198
842 0
843 0
844 2 1391 1836
845 6 242 846 883 984 1079 1278
846 1 845
847 3 85 816 849
848 2 426 683
849 1 847
850 2 851 1840
851 1 850
852 0
853 0
854 1 855
855 1 854
856 1 857
857 1 856
858 0
859 0
860 0
861 0
862 0
863 1 865
864 0
865 1 863
866 0
867 1 868
868 1 867
869 0
870 1 1651
871 0
872 3 125 929 1018
873 2 138 879
874 0
875 0
876 3 361 877 969
877 2 876 1236
878 0
879 3 649 822 873
880 3 232 676 1117
881 1 882
882 1 881
883 5 242 845 984 1079 1278
884 0
885 2 1195 1770
886 7 148 602 710 813 1038 1201 1952
887 4 606 888 1039 1953
888 4 887 1349 1504 1956
889 3 153 1357 1507
890 1 1962
891 2 897 1559
892 1 893
893 1 892
894 0
895 0
896 2 898 900
897 1 891
898 2 896 900
899 1 900
900 4 896 898 899 1570
901 0
902 0
903 4 563 904 1152 1299
904 7 564 903 905 907 912 1153 1300
905 7 93 904 965 1154 1301 1394 1716
906 0
907 8 259 904 912 946 1001 1399 1719 1906
908 2 909 948
909 3 262 908 984
910 1 433
911 5 102 780 912 940 1404
912 6 904 907 911 953 1164 1876
913 0
914 1 108
915 0
916 2 920 925
917 0
918 3 277 956 1012
919 6 117 278 789 1013 1174 1916
920 5 528 916 921 925 1917
921 1 920
922 1 118
923 0
924 0
925 2 916 920
926 8 122 795 928 929 930 940 961 1324
927 0
928 5 123 926 929 930 1180
929 7 125 872 926 928 930 962 1018
930 5 796 926 928 929 931
931 2 930 935
932 0
933 5 281 934 935 936 1737
934 2 933 935
935 6 128 583 931 933 934 1990
936 3 801 933 1924
937 3 803 966 1925
938 0
939 1 449
940 5 142 911 926 1439 1742
941 2 146 942
942 5 591 941 958 978 1099
943 2 709 956
944 7 533 599 1035 1105 1347 1497 1774
945 4 812 946 950 957
946 6 147 460 907 945 953 959
947 0
948 1 908
949 0
950 8 463 607 945 951 952 953 957 1040
951 3 950 952 953
952 6 608 950 951 953 958 1041
953 11 912 946 950 951 952 954 959 1042 1204 1886 1955
954 2 953 1505
955 0
956 4 613 918 943 1046
957 6 469 945 950 958 959 977
958 7 470 942 952 957 959 978 1359
959 9 471 614 713 946 953 957 958 979 1963
960 0
961 5 926 962 974 1362 1782
962 3 929 961 969
963 1 819
964 2 982 1892
965 6 357 473 905 970 1368 1575
966 2 474 937
967 0
968 0
969 3 361 876 962
970 6 187 372 828 965 971 972
971 3 970 972 1374
972 3 829 970 971
973 2 731 1058
974 3 376 961 1968
975 5 478 979 1111 1252 1379
976 0
977 4 957 978 979 1070
978 6 385 942 958 977 979 980
979 6 481 959 975 977 978 1071
980 4 978 1074 1258 1802
981 0
982 2 964 1386
983 0
984 6 242 845 883 909 1079 1278
985 0
986 2 243 1279
987 0
988 2 519 1847
989 0
990 0
991 0
992 3 96 1003 1395
993 0
994 0
995 3 996 997 1306
996 8 567 995 997 1086 1158 1307 1397 1717
997 5 689 995 996 1159 1308
998 0
999 2 1004 1016
1000 2 99 1001
1001 9 259 907 1000 1002 1007 1014 1399 1719 1906
1002 8 100 1001 1007 1014 1036 1077 1401 1720
1003 1 992
1004 3 999 1016 1043
1005 0
1006 2 1010 1013
1007 8 269 576 785 1001 1002 1008 1014 1911
1008 4 109 1007 1011 1170
1009 3 272 1030 1727
1010 2 786 1006
1011 3 1008 1012 1728
1012 4 277 918 1011 1046
1013 7 117 278 789 919 1006 1174 1916
1014 7 438 695 791 1001 1002 1007 1318
1015 0
1016 2 999 1004
1017 4 439 1018 1020 1431
1018 6 125 872 929 1017 1019 1020
1019 1 1018
1020 8 129 584 800 1017 1018 1023 1025 1433
1021 2 1032 1183
1022 0
1023 3 131 1020 1025
1024 0
1025 4 140 1020 1023 1185
1026 2 705 1044
1027 1 1030
1028 0
1029 0
1030 4 143 589 1009 1027
1031 1 1060
1032 1 1021
1033 0
1034 1 457
1035 7 533 599 944 1105 1347 1497 1774
1036 8 601 1002 1038 1042 1049 1077 1200 1775
1037 1 1500
1038 8 148 602 710 813 886 1036 1201 1952
1039 5 606 887 1042 1044 1953
1040 6 463 607 950 1041 1042 1048
1041 5 608 952 1040 1042 1043
1042 10 953 1036 1039 1040 1041 1044 1049 1204 1886 1955
1043 2 1004 1041
1044 3 1026 1039 1042
1045 1 151
1046 4 613 956 1012 1047
1047 1 1046
1048 3 615 1040 1049
1049 4 1036 1042 1048 1508
1050 2 1051 1061
1051 3 359 1050 1071
1052 0
1053 4 362 647 820 1056
1054 1 824
1055 1 1069
1056 6 651 730 826 1053 1057 1966
1057 1 1056
1058 3 731 973 1068
1059 1 375
1060 1 1031
1061 2 836 1050
1062 1 1085
1063 1 1380
1064 0
1065 8 196 660 838 1066 1256 1382 1588 1977
1066 2 383 1065
1067 0
1068 3 840 1058 1383
1069 3 1055 1590 1995
1070 3 977 1071 1073
1071 4 481 979 1051 1070
1072 0
1073 6 197 1070 1074 1385 1800 1898
1074 4 980 1073 1258 1802
1075 0
1076 1 231
1077 3 1002 1036 1390
1078 1 513
1079 5 242 845 883 984 1278
1080 0
1081 2 684 1083
1082 0
1083 1 1081
1084 0
1085 1 1062
1086 6 567 996 1158 1307 1397 1717
1087 0
1088 4 98 258 1089 1311
1089 3 1088 1090 1723
1090 2 691 1089
1091 1 1093
1092 2 788 1730
1093 1 1091
1094 1 445
1095 6 446 585 1096 1328 1434 1926
1096 1 1095
1097 1 1443
1098 3 1189 1341 1748
1099 3 591 942 1100
1100 3 592 1099 1446
1101 0
1102 0
1103 0
1104 1 1196
1105 7 533 599 944 1035 1347 1497 1774
1106 0
1107 0
1108 2 1109 1237
1109 1 1108
1110 2 657 1975
1111 5 478 975 1114 1252 1379
1112 0
1113 2 1114 1895
1114 3 1111 1113 1897
1115 0
1116 0
1117 3 232 676 880
1118 2 427 1284
1119 0
1120 0
1121 5 113 275 693 1122 1878
1122 2 116 1121
1123 2 119 1175
1124 0
1125 0
1126 0
1127 0
1128 0
1129 0
1130 1 1131
1131 3 535 1130 1139
1132 1 36
1133 1 1854
1134 0
1135 1 1147
1136 0
1137 0
1138 0
1139 1 1131
1140 0
1141 1 1142
1142 3 1141 1145 1870
1143 0
1144 0
1145 1 1142
1146 0
1147 1 1135
1148 1 1705
1149 1 1150
1150 1 1149
1151 0
1152 5 563 903 1153 1177 1299
1153 7 564 904 1152 1154 1157 1164 1300
1154 8 93 905 1153 1170 1195 1301 1394 1716
1155 1 430
1156 0
1157 4 257 1153 1164 1902
1158 8 567 996 1086 1159 1161 1307 1397 1717
1159 6 689 997 1158 1160 1161 1308
1160 5 568 1159 1236 1263 1398
1161 4 569 777 1158 1159
1162 0
1163 1 1164
1164 8 912 1153 1157 1163 1165 1168 1204 1876
1165 5 103 575 782 1164 1168
1166 0
1167 0
1168 5 1164 1165 1171 1206 1910
1169 1 1725
1170 4 109 1008 1154 1171
1171 6 273 436 1168 1170 1172 1250
1172 1 1171
1173 4 276 787 1729 1915
1174 7 117 278 789 919 1013 1210 1916
1175 2 119 1123
1176 1 279
1177 3 1152 1408 1918
1178 2 1179 1214
1179 5 121 1178 1187 1322 1734
1180 3 123 928 1182
1181 1 1182
1182 10 127 582 701 798 1180 1181 1184 1736 1922 1989
1183 1 1021
1184 2 1182 1197
1185 3 140 1025 1189
1186 0
1187 2 1179 1248
1188 0
1189 5 1098 1185 1254 1341 1748
1190 0
1191 1 295
1192 2 1268 1478
1193 0
1194 0
1195 3 885 1154 1770
1196 1 1104
1197 1 1184
1198 0
1199 3 600 1200 1208
1200 8 601 1036 1199 1201 1204 1209 1241 1775
1201 10 148 602 710 813 886 1038 1200 1244 1276 1952
1202 1 1211
1203 2 1210 1279
1204 8 953 1042 1164 1200 1206 1209 1886 1955
1205 1 1206
1206 4 816 1168 1204 1205
1207 0
1208 3 1199 1209 1957
1209 3 1200 1204 1208
1210 5 468 818 1174 1203 1961
1211 1 1202
1212 0
1213 0
1214 3 1178 1217 1221
1215 1 1216
1216 2 1215 1524
1217 5 1214 1218 1219 1220 1221
1218 5 158 618 1217 1219 1220
1219 4 1217 1218 1220 1222
1220 4 1217 1218 1219 1526
1221 3 1214 1217 1529
1222 1 1219
1223 0
1224 1 1225
1225 1 1224
1226 2 1227 1546
1227 5 173 638 723 1226 1547
1228 0
1229 1 1233
1230 3 1231 1232 1233
1231 3 1230 1232 1233
1232 5 350 1230 1231 1233 1548
1233 5 1229 1230 1231 1232 1549
1234 1 1235
1235 3 1234 1250 1254
1236 3 877 1160 1263
1237 2 1108 1253
1238 2 1239 1251
1239 2 1238 1258
1240 1 1578
1241 7 821 1200 1244 1249 1252 1371 1579
1242 0
1243 0
1244 6 476 1201 1241 1246 1276 1372
1245 1 184
1246 4 374 652 1244 1791
1247 1 1282
1248 3 1187 1255 1794
1249 4 377 1241 1250 1252
1250 6 658 1171 1235 1249 1254 1586
1251 2 1238 1252
1252 8 478 975 1111 1241 1249 1251 1254 1379
1253 1 1237
1254 6 379 835 1189 1235 1250 1252
1255 3 380 1248 1797
1256 7 196 660 838 1065 1382 1588 1977
1257 4 661 839 1799 1994
1258 4 980 1074 1239 1802
1259 1 494
1260 3 1261 1262 1266
1261 4 214 1260 1262 1266
1262 4 406 1260 1261 1266
1263 2 1160 1236
1264 0
1265 0
1266 3 1260 1261 1262
1267 3 1268 1270 1272
1268 5 502 1192 1267 1270 1272
1269 0
1270 4 73 1267 1268 1272
1271 0
1272 5 505 761 1267 1268 1270
1273 1 762
1274 0
1275 1 420
1276 4 240 771 1201 1244
1277 1 1284
1278 5 242 845 883 984 1079
1279 3 243 986 1203
1280 0
1281 0
1282 1 1247
1283 2 1284 1692
1284 4 427 1118 1277 1283
1285 1 1292
1286 0
1287 0
1288 0
1289 1 1290
1290 1 1289
1291 1 768
1292 1 1285
1293 1 1295
1294 1 1295
1295 4 236 770 1293 1294
1296 2 1298 1687
1297 1 1298
1298 2 1296 1297
1299 7 563 903 1152 1300 1305 1311 1317
1300 6 564 904 1153 1299 1301 1318
1301 8 93 905 1154 1300 1315 1368 1394 1716
1302 0
1303 1 1319
1304 0
1305 4 1299 1311 1317 1901
1306 3 995 1307 1308
1307 8 567 996 1086 1158 1306 1308 1397 1717
1308 8 689 997 1159 1306 1307 1309 1332 1387
1309 1 1308
1310 0
1311 6 98 258 1088 1299 1305 1317
1312 1 1722
1313 0
1314 0
1315 3 105 1301 1724
1316 0
1317 6 437 790 1299 1305 1311 1318
1318 7 438 695 791 1014 1300 1317 1357
1319 1 1303
1320 0
1321 0
1322 5 121 1179 1323 1361 1734
1323 1 1322
1324 6 122 795 926 1325 1328 1362
1325 1 1324
1326 0
1327 1 1338
1328 7 446 585 1095 1324 1329 1434 1926
1329 1 1328
1330 0
1331 0
1332 3 1308 1387 1881
1333 1 1334
1334 3 447 1333 1337
1335 0
1336 3 285 1341 1746
1337 2 1334 1339
1338 1 1327
1339 1 1337
1340 0
1341 4 1098 1189 1336 1748
1342 0
1343 4 321 1344 1359 1948
1344 6 811 1343 1354 1357 1493 1772
1345 0
1346 0
1347 7 533 599 944 1035 1105 1497 1774
1348 0
1349 3 888 1504 1956
1350 0
1351 1 1376
1352 1 1353
1353 2 1352 1354
1354 5 1344 1353 1355 1357 1379
1355 3 467 1354 1356
1356 1 1355
1357 6 153 889 1318 1344 1354 1507
1358 0
1359 4 470 958 1343 1360
1360 1 1359
1361 2 352 1322
1362 4 961 1324 1363 1782
1363 1 1362
1364 4 179 354 1375 1783
1365 3 1371 1378 1379
1366 0
1367 0
1368 6 357 473 965 1301 1369 1575
1369 1 1368
1370 0
1371 8 821 1241 1365 1372 1378 1379 1390 1579
1372 3 476 1244 1371
1373 3 827 1374 1376
1374 3 971 1373 1376
1375 2 188 1364
1376 4 190 1351 1373 1374
1377 3 830 1378 1385
1378 5 831 1365 1371 1377 1379
1379 8 478 975 1111 1252 1354 1365 1371 1378
1380 1 1063
1381 4 195 381 480 1798
1382 7 196 660 838 1065 1256 1588 1977
1383 3 840 1068 1384
1384 1 1383
1385 5 197 1073 1377 1800 1898
1386 1 982
1387 2 1308 1332
1388 2 1389 1390
1389 2 1388 1390
1390 4 1077 1371 1388 1389
1391 2 844 1836
1392 0
1393 1 515
1394 6 93 905 1154 1301 1575 1716
1395 2 96 992
1396 0
1397 7 567 996 1086 1158 1307 1577 1717
1398 3 568 1160 1658
1399 7 259 907 1001 1401 1409 1719 1906
1400 0
1401 7 100 1002 1399 1402 1409 1579 1720
1402 2 1401 1403
1403 1 1402
1404 5 102 780 911 1405 1439
1405 4 264 434 781 1404
1406 0
1407 0
1408 4 1177 1409 1410 1918
1409 6 280 529 1399 1401 1408 1919
1410 2 1408 1445
1411 4 1412 1414 1454 1632
1412 1 1411
1413 2 1419 1526
1414 9 1411 1415 1416 1417 1424 1459 1563 1592 1637
1415 3 1414 1416 1417
1416 4 1414 1415 1417 1639
1417 3 1414 1415 1416
1418 1 1419
1419 3 1413 1418 1600
1420 0
1421 0
1422 3 1543 1666 1709
1423 2 1424 1544
1424 7 1414 1423 1425 1482 1615 1668 1711
1425 2 1424 1712
1426 4 1485 1569 1618 1671
1427 1 1673
1428 0
1429 1 1490
1430 0
1431 5 439 1017 1432 1433 1438
1432 5 124 1431 1433 1436 1735
1433 6 129 584 800 1020 1431 1432
1434 10 446 585 1095 1328 1435 1436 1439 1465 1531 1926
1435 3 1434 1436 1927
1436 4 1432 1434 1435 1651
1437 0
1438 6 137 284 1431 1740 1930 1991
1439 5 142 940 1404 1434 1742
1440 2 450 1744
1441 0
1442 1 1677
1443 1 1097
1444 0
1445 2 1410 1446
1446 3 592 1100 1445
1447 1 1508
1448 7 1457 1460 1476 1523 1559 1626 1931
1449 7 1450 1452 1454 1456 1458 1459 1462
1450 2 1449 1453
1451 1 1471
1452 9 1449 1453 1454 1456 1458 1459 1462 1561 1631
1453 2 1450 1452
1454 10 1411 1449 1452 1455 1456 1458 1459 1462 1632 1932
1455 5 1454 1463 1470 1551 1634
1456 6 1449 1452 1454 1458 1459 1462
1457 3 1448 1460 1750
1458 6 1449 1452 1454 1456 1459 1462
1459 13 1414 1449 1452 1454 1456 1458 1460 1461 1462 1482 1563 1592 1637
1460 6 1448 1457 1459 1461 1593 1638
1461 2 1459 1460
1462 8 1449 1452 1454 1456 1458 1459 1486 1530
1463 1 1455
1464 3 1467 1595 1696
1465 2 1434 1531
1466 5 1467 1468 1533 1649 1698
1467 5 300 1464 1466 1468 1650
1468 4 1466 1467 1534 1699
1469 1 1470
1470 5 1455 1469 1554 1598 1700
1471 3 1451 1475 1702
1472 6 1473 1478 1606 1704 1759 1939
1473 2 1472 1608
1474 6 309 1481 1519 1541 1567 1940
1475 3 1471 1483 1520
1476 3 1448 1479 1660
1477 3 1481 1484 1488
1478 5 1192 1472 1482 1486 1662
1479 2 1476 1480
1480 3 1479 1483 1485
1481 6 313 1474 1477 1484 1488 1667
1482 9 315 1424 1459 1478 1483 1486 1615 1668 1711
1483 6 1475 1480 1482 1485 1568 1616
1484 5 1477 1481 1488 1546 1617
1485 6 1426 1480 1483 1569 1618 1671
1486 4 1462 1478 1482 1672
1487 2 1488 1489
1488 7 1477 1481 1484 1487 1489 1547 1570
1489 3 1487 1488 1571
1490 2 1429 1491
1491 1 1490
1492 0
1493 6 811 1344 1507 1508 1512 1772
1494 1 1495
1495 1 1494
1496 2 1497 1498
1497 8 533 599 944 1035 1105 1347 1496 1774
1498 1 1496
1499 2 1500 1505
1500 3 1037 1499 1501
1501 3 603 814 1500
1502 0
1503 0
1504 5 888 1349 1505 1584 1956
1505 3 954 1499 1504
1506 0
1507 6 153 889 1357 1493 1508 1512
1508 5 1049 1447 1493 1507 1512
1509 1 1510
1510 1 1509
1511 1 1512
1512 4 1493 1507 1508 1511
1513 2 1529 1641
1514 1 1515
1515 4 1514 1518 1519 1603
1516 2 1566 1655
1517 3 1521 1605 1656
1518 3 1515 1519 1607
1519 5 1474 1515 1518 1541 1567
1520 1 1475
1521 1 1517
1522 1 1527
1523 5 154 1448 1537 1559 1626
1524 2 1216 1629
1525 3 1526 1540 1550
1526 3 1220 1413 1525
1527 5 619 1522 1541 1562 1573
1528 3 329 621 1553
1529 4 1221 1513 1530 1641
1530 2 1462 1529
1531 2 1434 1465
1532 2 1533 1534
1533 5 1466 1532 1534 1649 1698
1534 6 625 1468 1532 1533 1535 1699
1535 2 1534 1701
1536 4 1537 1538 1539 1601
1537 5 337 627 1523 1536 1654
1538 3 718 1536 1539
1539 2 1536 1538
1540 6 340 629 1525 1550 1657 1705
1541 7 341 631 1474 1519 1527 1542 1567
1542 3 1541 1546 1688
1543 3 1422 1666 1709
1544 1 1423
1545 2 345 1546
1546 6 1226 1484 1542 1545 1547 1617
1547 7 173 638 723 1227 1488 1546 1570
1548 4 350 1232 1549 1682
1549 2 1233 1548
1550 6 351 641 1525 1540 1683 1713
1551 3 1455 1554 1634
1552 1 1640
1553 1 1528
1554 4 1470 1551 1598 1700
1555 0
1556 3 1557 1558 1612
1557 1 1556
1558 1 1556
1559 4 891 1448 1523 1626
1560 1 1564
1561 3 1452 1563 1631
1562 3 1527 1567 1573
1563 6 1414 1459 1561 1564 1592 1637
1564 2 1560 1563
1565 2 1594 1644
1566 2 1516 1655
1567 4 1474 1519 1541 1562
1568 3 1483 1569 1616
1569 5 1426 1485 1568 1618 1671
1570 4 900 1488 1547 1571
1571 2 1489 1570
1572 2 1573 1575
1573 4 1527 1562 1572 1589
1574 0
1575 6 357 473 965 1368 1394 1572
1576 1 646
1577 4 181 360 1397 1587
1578 2 1240 1583
1579 5 821 1241 1371 1401 1581
1580 0
1581 1 1579
1582 0
1583 1 1578
1584 2 1504 1789
1585 1 1972
1586 2 658 1250
1587 2 1577 1589
1588 7 196 660 838 1065 1256 1382 1977
1589 2 1573 1587
1590 2 1069 1995
1591 2 1592 1601
1592 7 1414 1459 1563 1591 1593 1615 1637
1593 3 1460 1592 1638
1594 4 1565 1595 1596 1644
1595 3 1464 1594 1696
1596 1 1594
1597 3 1599 1602 1647
1598 4 1470 1554 1605 1700
1599 2 1597 1600
1600 2 1419 1599
1601 5 1536 1591 1604 1606 1609
1602 2 1597 1603
1603 3 1515 1602 1607
1604 4 1601 1606 1609 1612
1605 3 1517 1598 1656
1606 7 1472 1601 1604 1607 1608 1609 1704
1607 4 1518 1603 1606 1608
1608 3 1473 1606 1607
1609 4 1601 1604 1606 1687
1610 0
1611 1 1613
1612 3 1556 1604 1615
1613 3 1611 1614 1665
1614 1 1613
1615 7 1424 1482 1592 1612 1616 1668 1711
1616 5 1483 1568 1615 1618 1621
1617 2 1484 1546
1618 5 1426 1485 1569 1616 1671
1619 1 1675
1620 1 1621
1621 2 1616 1620
1622 3 1623 1624 1625
1623 2 1622 1624
1624 2 1622 1623
1625 1 1622
1626 8 1448 1523 1559 1633 1638 1654 1660 1679
1627 2 1655 1681
1628 4 1631 1632 1637 1641
1629 2 1524 1630
1630 1 1629
1631 6 1452 1561 1628 1632 1637 1641
1632 10 1411 1454 1628 1631 1633 1634 1637 1641 1661 1685
1633 4 1626 1632 1634 1638
1634 5 1455 1551 1632 1633 1656
1635 2 1682 1693
1636 0
1637 12 1414 1459 1563 1592 1628 1631 1632 1638 1639 1640 1641 1668
1638 7 1460 1593 1626 1633 1637 1639 1640
1639 6 1416 1637 1638 1640 1642 1659
1640 4 1552 1637 1638 1639
1641 6 1513 1529 1628 1631 1632 1637
1642 1 1639
1643 4 1644 1645 1646 1647
1644 5 1565 1594 1643 1645 1646
1645 4 1643 1644 1646 1648
1646 3 1643 1644 1645
1647 5 1597 1643 1648 1649 1650
1648 4 1645 1647 1649 1650
1649 6 1466 1533 1647 1648 1650 1698
1650 4 1467 1647 1648 1649
1651 3 870 1436 1652
1652 2 1651 1667
1653 0
1654 4 1537 1626 1660 1679
1655 4 1516 1566 1627 1681
1656 3 1517 1605 1634
1657 4 1540 1658 1683 1705
1658 3 1398 1657 1684
1659 1 1639
1660 4 1476 1626 1654 1679
1661 5 1632 1662 1668 1672 1685
1662 5 1478 1661 1663 1668 1672
1663 2 1662 1670
1664 2 1665 1666
1665 3 1613 1664 1666
1666 5 1422 1543 1664 1665 1709
1667 2 1481 1652
1668 10 1424 1482 1615 1637 1661 1662 1669 1670 1672 1711
1669 2 1668 1670
1670 3 1663 1668 1669
1671 5 1426 1485 1569 1618 1678
1672 4 1486 1661 1662 1668
1673 4 1427 1674 1675 1676
1674 2 1673 1675
1675 3 1619 1673 1674
1676 1 1673
1677 2 1442 1678
1678 2 1671 1677
1679 3 1626 1654 1660
1680 0
1681 2 1627 1655
1682 2 1548 1635
1683 4 1550 1657 1684 1713
1684 2 1658 1683
1685 2 1632 1661
1686 0
1687 3 1296 1609 1688
1688 2 1542 1687
1689 1 682
1690 0
1691 0
1692 1 1283
1693 1 1635
1694 0
1695 0
1696 3 1464 1595 1697
1697 3 1696 1699 1701
1698 4 1466 1533 1649 1699
1699 5 1468 1534 1697 1698 1701
1700 4 517 1470 1554 1598
1701 3 1535 1697 1699
1702 1 1471
1703 1 1708
1704 4 1472 1606 1705 1844
1705 5 1148 1540 1657 1704 1713
1706 0
1707 1 1708
1708 2 1703 1707
1709 3 1422 1543 1666
1710 2 1711 1712
1711 6 1424 1482 1615 1668 1710 1712
1712 3 1425 1710 1711
1713 3 1550 1683 1705
1714 0
1715 2 254 562
1716 9 93 905 1154 1301 1394 1721 1724 1728 1770
1717 6 567 996 1086 1158 1307 1397
1718 2 1719 1785
1719 9 259 907 1001 1399 1718 1720 1726 1732 1906
1720 8 100 1002 1401 1719 1721 1726 1732 1775
1721 5 1716 1720 1724 1728 1907
1722 1 1312
1723 3 1089 1731 1776
1724 5 105 1315 1716 1721 1728
1725 2 1169 1726
1726 5 1719 1720 1725 1732 1849
1727 2 272 1009
1728 5 1011 1716 1721 1724 1840
1729 5 276 787 1173 1730 1915
1730 3 788 1092 1729
1731 3 1723 1732 1920
1732 6 1719 1720 1726 1731 1733 1921
1733 1 1732
1734 3 121 1179 1322
1735 4 124 1432 1736 1747
1736 8 127 582 701 798 1182 1735 1922 1989
1737 3 281 933 1744
1738 0
1739 1 1745
1740 5 137 284 1438 1930 1991
1741 0
1742 4 142 940 1439 1746
1743 0
1744 3 450 1440 1737
1745 2 1739 1746
1746 6 285 1336 1742 1745 1748 1749
1747 2 706 1735
1748 5 1098 1189 1341 1746 1749
1749 2 1746 1748
1750 2 1457 1761
1751 0
1752 0
1753 2 1754 1755
1754 3 1753 1755 1936
1755 3 1753 1754 1764
1756 3 303 1761 1821
1757 1 304
1758 0
1759 5 1472 1760 1761 1844 1939
1760 3 1759 1761 1847
1761 4 1750 1756 1759 1760
1762 0
1763 0
1764 3 316 1755 1946
1765 1 1766
1766 2 1765 1767
1767 1 1766
1768 1 1769
1769 1 1768
1770 3 885 1195 1716
1771 0
1772 6 811 1344 1493 1775 1777 1780
1773 0
1774 7 533 599 944 1035 1105 1347 1497
1775 7 601 1036 1200 1720 1772 1777 1780
1776 5 28 1723 1777 1778 1779
1777 5 461 1772 1775 1776 1780
1778 1 1776
1779 5 609 817 1776 1780 1958
1780 6 610 1772 1775 1777 1779 1959
1781 0
1782 2 961 1362
1783 3 179 354 1364
1784 0
1785 1 1718
1786 2 183 366
1787 1 1795
1788 5 185 371 1789 1838 1999
1789 2 1584 1788
1790 1 1793
1791 3 374 652 1246
1792 1 189
1793 1 1790
1794 2 1248 1797
1795 1 1787
1796 0
1797 4 380 1255 1794 1798
1798 5 195 381 480 1381 1797
1799 4 661 839 1257 1994
1800 6 197 1073 1385 1801 1802 1898
1801 3 1800 1802 1899
1802 5 980 1074 1258 1800 1801
1803 1 733
1804 5 202 735 1805 1806 1807
1805 5 387 1804 1806 1821 1827
1806 3 1804 1805 1810
1807 2 736 1804
1808 3 663 1809 1810
1809 5 204 487 737 1808 1810
1810 3 1806 1808 1809
1811 1 389
1812 3 1814 1824 1979
1813 1 392
1814 1 1812
1815 4 209 492 1816 1818
1816 2 748 1815
1817 1 1823
1818 1 1815
1819 0
1820 1 212
1821 4 213 1756 1805 1827
1822 4 404 495 669 1823
1823 5 405 497 1817 1822 1824
1824 3 756 1812 1823
1825 1 503
1826 0
1827 3 1805 1821 1829
1828 0
1829 2 509 1827
1830 1 1831
1831 2 417 1830
1832 0
1833 2 418 1838
1834 0
1835 0
1836 3 844 1391 1841
1837 1 1838
1838 4 514 1788 1833 1837
1839 1 246
1840 2 850 1728
1841 1 1836
1842 1 1844
1843 1 1845
1844 4 1704 1759 1842 1845
1845 2 1843 1844
1846 0
1847 3 519 988 1760
1848 1 1849
1849 2 1726 1848
1850 0
1851 0
1852 0
1853 0
1854 1 1133
1855 2 1856 1857
1856 2 1855 1857
1857 2 1855 1856
1858 1 1859
1859 1 1858
1860 0
1861 0
1862 0
1863 1 1864
1864 1 1863
1865 1 216
1866 0
1867 0
1868 0
1869 0
1870 1 1142
1871 1 1874
1872 0
1873 1 1877
1874 2 1871 1875
1875 1 1874
1876 4 912 1164 1878 1886
1877 1 1873
1878 5 113 275 693 1121 1876
1879 1 579
1880 1 1881
1881 2 1332 1880
1882 1 809
1883 0
1884 0
1885 0
1886 5 953 1042 1204 1876 1955
1887 0
1888 0
1889 0
1890 0
1891 0
1892 1 964
1893 0
1894 2 182 365
1895 4 1113 1896 1897 1898
1896 2 1895 1897
1897 3 1114 1895 1896
1898 6 197 1073 1385 1800 1895 1899
1899 2 1801 1898
1900 4 566 1901 1918 1920
1901 5 1305 1900 1902 1918 1920
1902 7 257 1157 1901 1906 1911 1919 1921
1903 0
1904 1 1982
1905 1 1910
1906 9 259 907 1001 1399 1719 1902 1911 1919 1921
1907 2 1721 1908
1908 8 101 260 572 690 779 1907 1930 1952
1909 0
1910 2 1168 1905
1911 11 269 576 785 1007 1902 1906 1912 1913 1919 1921 1959
1912 4 577 1911 1913 1971
1913 5 110 523 1911 1912 1988
1914 1 694
1915 4 276 787 1173 1729
1916 7 117 278 789 919 1013 1174 1961
1917 2 528 920
1918 6 1177 1408 1900 1901 1919 1920
1919 9 280 529 1409 1902 1906 1911 1918 1921 1963
1920 5 1731 1900 1901 1918 1921
1921 6 1732 1902 1906 1911 1919 1920
1922 8 127 582 701 798 1182 1736 1923 1989
1923 1 1922
1924 2 801 936
1925 2 803 937
1926 6 446 585 1095 1328 1434 1927
1927 2 1435 1926
1928 0
1929 0
1930 7 137 284 1438 1740 1908 1952 1991
1931 1 1448
1932 3 1454 1938 1944
1933 0
1934 1 297
1935 0
1936 1 1754
1937 0
1938 4 1932 1939 1943 1944
1939 4 1472 1759 1938 1943
1940 2 309 1474
1941 0
1942 0
1943 3 1938 1939 1983
1944 3 1932 1938 1946
1945 0
1946 3 316 1764 1944
1947 1 1948
1948 4 321 1343 1947 1960
1949 0
1950 0
1951 2 1952 1953
1952 10 148 602 710 813 886 1038 1201 1908 1930 1951
1953 7 606 887 1039 1951 1954 1955 1956
1954 1 1953
1955 8 953 1042 1204 1886 1953 1956 1959 1963
1956 5 888 1349 1504 1953 1955
1957 2 1208 1958
1958 5 609 817 1779 1957 1959
1959 6 610 1780 1911 1955 1958 1963
1960 1 1948
1961 4 468 818 1210 1916
1962 1 890
1963 7 471 614 713 959 1919 1955 1959
1964 1 1965
1965 2 1964 1978
1966 6 651 730 826 1056 1967 1968
1967 1 1966
1968 5 376 974 1966 1969 1971
1969 3 655 1968 1971
1970 1 1976
1971 4 656 1912 1968 1969
1972 1 1585
1973 2 834 1974
1974 1 1973
1975 2 657 1110
1976 3 382 1970 1977
1977 8 196 660 838 1065 1256 1382 1588 1976
1978 1 1965
1979 1 1812
1980 0
1981 0
1982 1 1904
1983 2 1943 1985
1984 0
1985 1 1983
1986 0
1987 2 267 1988
1988 4 110 523 1913 1987
1989 7 127 582 701 798 1182 1736 1922
1990 3 128 583 935
1991 5 137 284 1438 1740 1930
1992 1 594
1993 0
1994 4 661 839 1257 1799
1995 2 1069 1590
1996 0
1997 0
1998 0
1999 3 185 371 1788
