1010101010 -> 11111 00000
1010101100 -> 11110 00010
1010110010 -> 11101 00100
1010110100 -> 11100 00110
1010111000 -> 11110 00100
1011001010 -> 11011 01000
1011001100 -> 11010 01010
1011010010 -> 11001 01100
1011010100 -> 11000 01110
1011011000 -> 11010 01100
1011100010 -> 11101 01000
1011100100 -> 11100 01010
1011101000 -> 11110 01000
1011110000 -> 11100 01100
1100101010 -> 10111 10000
1100101100 -> 10110 10010
1100110010 -> 10101 10100
1100110100 -> 10100 10110
1100111000 -> 10110 10100
1101001010 -> 10011 11000
1101001100 -> 10010 11010
1101010010 -> 10001 11100
1101010100 -> 10000 11110
1101011000 -> 10010 11100
1101100010 -> 10101 11000
1101100100 -> 10100 11010
1101101000 -> 10110 11000
1101110000 -> 10100 11100
1110001010 -> 11011 10000
1110001100 -> 11010 10010
1110010010 -> 11001 10100
1110010100 -> 11000 10110
1110011000 -> 11010 10100
1110100010 -> 11101 10000
1110100100 -> 11100 10010
1110101000 -> 11110 10000
1110110000 -> 11100 10100
1111000010 -> 11001 11000
1111000100 -> 11000 11010
1111001000 -> 11010 11000
1111010000 -> 11000 11100
1111100000 -> 11100 11000